33960
33864
34008
34152
34792
34776
34328
32535
32087
31831
33672
34312
34344
32920
36680
36248
33912
33544
33512
34872
33944
33208
34744
35400
34600
34680
35992
34904
33704
33208
33288
34376
34904
35560
34248
33336
36024
36520
35752
35208
34008
35784
36552
34904
34824
33880
37129
39641
39433
35592
32808
37065
37257
35976
34280
33416
35208
37769
41162
39785
36024
34840
33960
35112
37337
35768
30647
32359
33496
34872
33944
32471
32936
33080
33752
33720
34968
34744
31511
32567
34744
33896
37529
40937
40921
36248
33560
33448
33736
34744
33880
32984
33192
32055
31671
32952
34392
33304
33688
32343
35656
36905
39465
35400
31911
32615
33736
33288
31767
33704
33688
31287
31767
31943
31767
33704
32679
32808
31191
30775
32647
36280
36184
36616
34088
32471
30663
31783
32487
31943
32439
32343
31159
30215
31463
31623
30663
31255
31575
32039
30951
35032
38121
37465
34232
31127
31575
31687
34120
33624
30615
32167
33272
33288
32279
33128
32679
33176
32023
31975
32007
32679
34024
36072
37289
35336
34392
32215
32471
32087
34136
33032
32183
30887
34104
32599
32295
32007
32455
31847
32199
31431
31847
34632
36664
36632
34040
31415
32279
32792
32808
34232
31431
30263
31127
32503
30903
30599
31223
31879
32840
33096
34904
33544
33352
32007
31623
31511
31399
34632
32055
31991
32920
30759
30807
30039
31527
33240
34472
35160
34344
33768
32615
30999
30807
33256
33688
31975
31703
32151
32327
32071
32215
34888
35864
35432
33176
31719
31751
32952
32215
32567
32231
31415
32023
31559
31303
34904
34760
35416
32551
33240
33576
33784
31655
32455
31031
30231
32567
31431
32071
32311
36120
34472
34840
33448
31655
32359
32808
34584
34392
31047
32343
31671
31191
32535
30519
32359
33864
36248
35560
33416
31367
32631
34520
34888
32792
31911
31159
33096
31031
33720
34472
34152
37065
34248
32808
30439
32583
34504
33416
32087
32087
32519
34184
32135
32455
36408
35464
33800
34216
31943
31815
33480
33192
33096
31431
33048
32167
33576
34824
35880
34088
33256
31831
31495
32103
33368
33160
33048
32023
32872
32792
35448
36152
34616
31159
31655
33368
33960
33000
33096
32391
30471
31319
35112
37769
35096
31815
31751
32055
33016
32535
33576
32535
30279
32679
33624
36360
35624
34056
32824
32279
32776
32471
33544
32071
31703
33224
33592
35112
35352
33704
32311
31879
34008
34328
34840
32695
31511
33496
34280
34024
34472
33480
33128
31431
32199
33800
33544
32071
31623
31111
33944
35688
35496
33448
33288
32455
33288
31303
32503
31495
31159
31639
35000
37577
36152
32023
32327
32792
32824
32952
33096
32423
31271
31895
34696
37353
36953
31335
31767
33464
32567
32808
32984
31559
31287
30519
33608
35912
35768
33880
31079
31719
33176
32407
31831
33464
31031
31287
33208
35784
37657
34744
31655
31047
32311
33544
34376
33816
31079
30215
33256
32952
35688
35608
32647
32503
30823
33032
33608
33592
33416
32359
31015
31367
34632
37049
35432
32151
30263
31447
33944
32792
33032
32439
32519
31559
32583
35032
37257
34104
31383
29927
31703
35160
33432
32776
30247
32327
31703
34328
35560
31783
32247
31319
32327
33416
32327
31175
31175
31975
34280
35384
35160
33384
31959
31559
32135
33544
33608
31783
31559
32007
34616
36840
35512
32711
31479
32583
33608
32920
31639
31079
32583
31399
34280
35304
36680
33880
32215
30919
32599
33288
33752
31639
33048
33048
33160
34376
35032
34344
32599
31383
33848
34536
32551
31431
31847
32327
34360
35768
34568
32968
32663
31399
32279
33288
33624
30759
31127
33240
35880
35288
33768
32984
31591
31383
33112
32631
31703
31879
31959
32856
34632
36616
34968
32647
31463
31303
32535
33816
32343
31463
31687
33480
37721
37017
33832
31895
31895
32631
34744
34008
33992
32487
30903
32519
35928
36344
35848
32647
32471
32920
34376
33416
33112
32231
32135
32583
35544
35768
35416
32039
31047
32856
33304
34984
33704
31015
32359
32311
36632
34536
32359
31495
31943
32087
35176
33512
29415
30999
32087
34328
36568
33960
32199
30983
31367
33976
34040
31591
30967
32071
31799
34088
36792
36584
32663
30647
31623
33336
33000
32904
31831
31271
33768
35304
35208
33512
31255
32904
33336
32007
30855
32183
34136
32103
34504
36040
34312
32199
32135
32215
32952
33608
32952
32391
30823
32952
35080
36136
34552
32375
31079
32183
34360
34568
32519
33080
32263
31527
32711
35784
36632
33480
32087
31927
32519
34488
33896
32391
31863
32135
32071
33592
35544
37129
33464
30567
32039
33800
31895
32263
31175
30455
31639
31815
34728
35560
34920
32391
31495
32199
33768
31895
32423
32551
31463
32583
34344
36088
35336
34200
32856
33288
33048
32359
31511
34376
32615
32215
31511
32567
35352
35496
35400
32455
31079
31751
33208
33256
33752
33816
32439
31191
32311
32551
33880
35128
36328
33752
32007
32135
33192
35048
33320
32327
31639
32439
31559
32599
31591
34264
35848
34120
34136
32119
30487
31783
33064
33768
32471
30535
30791
31719
33064
34824
35672
34968
32872
30599
32471
31959
31767
32295
31751
31431
31719
33464
33176
31895
35464
35208
34440
33768
33128
33208
32455
33272
31511
31655
32135
32023
32519
31047
32311
33128
33496
32663
33576
35144
35816
35736
34104
32567
32872
32343
33864
33192
31687
31495
31383
32776
32455
33256
30935
31943
36104
35240
32615
32311
30775
31911
33288
33736
33016
31751
31959
30615
31655
30999
32792
33720
34072
35384
34920
32984
32071
33000
34616
31895
32407
32295
32824
29335
34232
31847
31703
33576
34280
36520
35560
32984
31767
32904
33240
32872
31911
32199
32343
32407
31191
33224
32471
33336
34920
34584
34968
31767
31655
31495
34696
30855
31943
32824
32087
31591
29639
32663
36024
36840
35224
32519
31639
32904
31879
34344
32840
31783
32055
30423
31831
33112
33800
36568
34344
32423
32471
32279
33768
34504
34696
31111
30919
31143
34008
31767
32279
34344
36921
35624
34392
31527
32904
34008
33608
32039
31143
32039
32151
33496
33160
31703
32519
36760
37193
33224
30775
31127
32711
32856
32663
31943
30919
31335
31847
31335
34152
37513
36520
33320
32583
31799
32407
32872
32840
31671
31511
32423
31639
32984
32167
34456
35240
36360
35064
31255
30919
32711
35048
33592
32167
30391
31543
31975
32263
33064
35928
36344
35112
32824
32583
33688
33432
32567
32904
32792
30983
30231
32183
33208
35736
36921
33560
30583
30167
33000
33864
32663
31287
30743
30887
30647
33096
35272
35944
36040
32663
31591
31959
33416
32840
31527
31495
30759
31415
31959
32872
35528
35848
34760
31815
32856
32087
33544
32343
32487
33160
30887
31255
31943
33560
35416
36760
35176
33224
29767
32263
33256
33336
32952
32103
31943
31655
32119
32039
35816
36392
32407
30743
30663
31591
36840
33128
31991
29911
30279
30903
34376
35784
35864
34616
33400
30759
31111
32567
33672
32936
30679
30999
31991
32183
35336
35784
34504
32663
32263
32519
32455
32023
33160
30503
31943
30951
33320
32455
34136
37577
35608
33720
31239
33176
32487
32087
33288
31239
32407
31703
32407
31799
32647
35656
35864
34184
34056
31767
32808
31991
32599
33704
31159
31415
31191
31575
32968
37209
35224
32359
30375
30727
30599
32519
32663
31671
31959
31655
31143
31927
32487
36552
37001
34792
32327
30871
32711
33624
33224
31703
32679
32984
32343
32007
31847
33960
35464
35848
33816
32295
31751
33576
31927
33864
31111
31831
31495
32135
31895
32215
32615
35928
36937
34600
32792
30231
32071
32936
32407
31879
30487
31287
33224
32375
31767
33224
36184
34680
31383
30279
32167
33320
34136
32567
31031
31047
30727
31879
31975
34184
