32503
32519
33704
33704
32679
32936
32551
32567
34216
35656
36152
34584
34008
33000
32856
34248
34312
32407
33016
33480
33832
35656
36248
35384
32968
31527
33960
33560
34136
33480
32519
31383
33768
35272
35768
35528
32936
31847
31511
33672
34088
33080
31383
32247
32295
33864
34776
34472
32519
30951
31943
33240
33624
30919
32135
32215
31799
32824
36680
37017
34952
33032
32599
33432
33944
33464
32167
32471
32407
32856
33496
32183
33208
36520
35288
34600
33384
32359
33416
34344
33112
32391
32583
31511
33096
33224
32824
33208
31703
31399
34824
37049
36328
33528
32535
32792
31383
32583
31431
32984
32167
31303
31207
31575
32679
30999
33544
34824
34888
33800
33336
31575
32103
33848
32984
33832
31527
32135
32151
32936
31975
32567
33096
34632
36440
34808
34520
33000
32087
33592
34872
33672
32615
31767
32792
34776
33448
32087
32263
33224
35656
35144
36280
34216
34104
31383
32679
34120
33368
33672
33320
32103
32663
30871
32279
33544
32615
34424
34744
33816
31047
31879
32391
33720
32455
32663
31431
31783
31399
30887
31927
32695
34120
35528
33368
34104
31511
31303
32071
32776
32808
32439
31175
32135
32599
33384
32343
35016
36104
34952
32968
32856
31783
32295
33992
34264
32295
32007
31767
33032
32071
32215
33688
34168
35848
34552
32503
32231
33048
33720
33592
33128
32936
32840
32647
31847
32231
34920
35848
34632
34248
33032
32439
31831
34024
33672
32792
31655
30935
32039
32487
33704
35384
35256
32471
32359
30999
31783
33896
33080
30695
32455
31159
33160
33768
34328
36488
34600
31927
33496
31799
33880
33736
34056
32567
32487
31975
32551
33960
36424
35816
34008
33240
32119
34120
32695
33448
32423
32551
32551
32215
32199
33560
35368
37705
35544
32087
31959
33048
34872
33192
32583
32183
31335
32199
33096
33192
34312
34984
35208
33128
31031
31239
32952
32920
31511
31287
31431
32167
32920
32535
36008
36312
36216
32391
31927
33224
32711
33432
34392
31623
30759
31703
32519
32808
35512
37225
35912
33896
33224
32519
33016
34024
34152
32695
31063
33256
32551
32679
33752
33928
37033
36584
33352
31239
32167
33288
33928
33592
31415
31575
31895
32487
32007
33224
36232
35848
34088
31975
31447
31431
32519
32808
33080
31271
31207
30391
30551
34216
36760
36664
33320
31575
31879
33304
33368
33752
33592
32343
31943
30519
31767
34344
36648
37369
34392
32407
32311
32519
34200
33800
32263
31063
31799
33192
32311
32439
34792
37257
35784
33592
31543
32840
33752
33160
31687
32840
32119
32359
31399
30999
35160
36456
34536
32503
31063
31207
32151
32295
30887
30999
30295
32135
32231
33464
35752
37145
33880
30631
31447
33736
33272
32840
32471
32487
32023
32231
33080
34984
36712
35416
33032
32776
32103
34088
33176
33576
32295
32151
32279
33464
33288
35752
37225
34536
31431
32856
33096
33512
33128
32663
32439
31703
32215
32647
33592
36168
36312
33976
31767
32487
33192
32327
33608
32471
31751
30999
32087
34568
35368
34328
33128
32776
32679
31927
31847
33464
32535
31223
31399
31511
34072
37081
35288
33720
32952
31319
34376
33768
31975
32231
32567
32407
33832
34344
36056
36552
33112
32311
32407
33688
33544
33000
31927
33000
32215
33112
32952
33816
37129
36040
34392
33112
33192
33320
34360
33864
31703
30999
33128
33416
33544
32519
31495
31527
35496
36552
35336
33544
31655
32615
32407
32968
32023
32295
31399
31655
31895
32199
31975
33112
36408
34408
32183
31575
32776
32519
32872
31831
31623
32487
32455
32647
33096
32695
32263
35112
35816
34216
33192
32840
32503
34504
34040
32231
31415
32936
32567
33144
32936
32503
31479
32583
34856
36328
35304
33272
32407
32183
32808
34488
32952
31431
31687
32503
32039
32359
33192
31799
32615
33224
33576
32647
32407
31687
31927
31671
33160
32487
31783
31207
31543
31815
32279
32231
32407
34728
35208
33320
32023
32567
32856
33624
33672
32567
31591
32135
32071
34104
31895
31335
32615
34680
34696
33176
32487
31703
33096
33832
33480
31271
31895
32199
33832
32551
32359
32984
33640
33864
34712
32968
32984
31655
31815
30151
32952
33352
31639
32407
31159
31527
32215
32631
34440
34568
33560
31079
32519
31783
33208
32776
31991
32423
32343
33000
33320
34616
35416
34856
33128
32423
33224
33976
33864
33160
32135
32007
31879
33192
35928
35112
33864
32503
33112
33272
33496
32679
33048
33064
32487
32968
34664
35992
35256
33560
32792
33080
34200
34248
33048
32231
32023
32920
33368
35288
35560
35560
32952
32776
32311
33976
33608
33352
32647
32263
31591
32295
34104
35560
34360
33064
30871
31415
31943
32888
31383
32279
31815
32824
32071
34632
35272
34536
34488
32776
31639
33384
32856
32695
32711
32263
33192
33128
32872
36504
37465
34760
32295
33176
33288
33688
33864
34200
33128
32711
32279
32311
33592
36648
36953
34360
30759
31815
33352
33752
33560
34152
31367
30983
32776
32359
34824
34952
35864
33544
31111
32167
33720
33800
32888
32055
31799
32968
33080
33752
34952
35688
33880
32407
32151
33288
33720
32471
32679
32968
31911
33064
35592
35240
35864
33096
31495
32535
34472
33864
32952
31319
30327
32567
35016
34920
35000
35128
33192
32583
31959
33256
33864
32663
32423
31063
31511
32824
32263
35032
37513
36648
33000
30391
33224
34072
34232
32776
31383
32567
32455
31223
30551
33320
31815
33512
34728
36024
35528
34008
32792
31591
32856
33976
31911
31767
31911
31975
31495
33304
33512
32920
32936
32391
32904
33208
35976
37385
39609
36664
34408
33064
32407
33704
35592
35592
32487
30551
27622
26502
26726
27798
27462
27686
27158
27606
32519
32167
30135
32151
36568
37929
34488
32727
32295
31159
31703
29239
28903
30951
30727
31223
31255
32183
34280
34264
32615
31143
30983
32359
32279
33096
31431
31911
31719
31143
32007
32343
34120
35224
33928
31719
32920
32135
32904
33368
32167
32327
31927
32151
32583
31559
31703
35336
35128
34072
32071
31991
32263
34120
34104
32087
32391
32279
32776
32087
32984
35512
36760
36584
34120
30519
31447
32824
35080
35800
34536
32551
31335
32039
32872
33192
32872
35464
34696
34568
33256
31383
32455
34232
34120
34536
32039
31143
32039
32487
33080
33208
35080
34504
34008
33400
32776
33112
33704
33720
32615
31975
33176
32023
32135
34920
35560
35048
32776
32295
33160
33832
32695
32151
28422
30727
33000
34216
34120
34552
31575
33080
34360
36424
35768
32455
31303
31335
33624
32343
31703
33448
35896
37177
34008
33656
34568
33480
33352
32135
30199
31815
32920
35144
36712
35896
33640
31895
31623
32439
33304
34360
32984
32023
31527
31367
34840
36873
36552
33816
32135
31591
33864
33800
32407
31015
31783
32487
32039
32215
33416
35528
36760
36184
33288
31415
31623
34312
34296
34472
33464
32199
32808
31959
32263
32151
32711
32679
35352
37817
36536
34072
32792
32599
33800
34296
33576
33608
31639
31927
31783
32615
32423
32151
32183
32776
34632
37433
35416
33624
31815
31223
33208
34200
32776
31751
31047
30583
33720
32215
31191
31047
33736
36584
34760
34456
30807
31463
33192
33176
33416
32647
31479
31911
32567
33048
32183
31639
32984
33752
36248
34984
35256
31095
31223
32647
32808
32551
31303
31143
32295
32343
32599
31639
31959
33192
35400
35528
33608
30983
31655
32984
32936
31207
31319
32151
32808
31799
32167
33320
32776
33560
35608
34600
34776
32824
31255
32151
34056
32343
31847
31527
31351
31271
31671
31431
32231
34344
34616
32167
32407
31383
32936
32904
32311
30935
31815
32407
31303
32007
34584
36216
34952
34136
31719
31911
33128
33816
32519
32215
32039
32519
32215
31479
32615
35288
36104
34856
33688
