33384
33208
33240
33560
32840
31639
32007
32984
33336
32183
31735
34232
35464
36264
33896
32471
32151
33208
33176
33080
33608
33048
30535
30983
32295
31687
33304
33688
34280
33352
33480
32215
31783
32135
32023
32439
30775
30791
31703
31831
33752
34248
34824
34264
33048
31847
32968
33816
33624
32968
31175
32087
33000
32647
33944
35640
34856
33464
32711
33192
34776
33800
31767
32087
31207
33352
32695
35480
34824
34472
32968
32840
32391
33240
32647
33960
33800
32327
32183
33624
34440
36072
35976
34584
33000
33192
33368
32471
33208
32776
32968
32231
32279
32439
34056
36136
36088
34744
33256
32375
32792
33720
34280
32503
33016
32471
31591
32487
32455
34536
37593
36344
33544
32263
32952
34648
33448
32359
34312
32968
31575
31735
32327
33880
33992
35976
36456
35352
33096
32904
33640
34408
33464
32663
32279
31671
31911
34312
32776
34216
35384
35080
33112
32824
32936
33688
32615
32599
31927
31655
31703
31783
31879
33480
33992
34600
31767
30903
31015
32936
33000
31831
31239
32055
31943
33048
34184
35816
36120
33032
31879
31895
33640
34088
33992
33960
32167
31511
31783
32968
36392
36376
34232
33496
33320
32663
34216
33688
32391
31751
31671
33736
32551
34008
36024
37401
34248
33240
32856
33800
33032
33432
33672
33368
32503
32695
32984
31399
33288
34856
35640
32135
30423
31847
32471
31303
32167
32279
30759
31287
30935
32007
34328
35496
33880
31303
31671
31879
33592
33608
31847
31639
32567
31143
32487
33976
35464
35864
33960
32023
34216
34024
32695
33496
32327
32087
31911
32343
34200
37337
35560
34200
31847
33288
34376
33592
32439
32231
32343
32071
33016
35464
35496
34200
32679
32375
33288
33752
33064
32920
32808
32856
32167
34264
35688
34664
32808
31591
32231
32776
32984
32936
32071
31671
32199
32808
33800
34536
32808
30727
30615
31319
32295
31911
31783
31927
31063
33288
34104
33048
31287
32375
30615
32167
31847
32952
31623
31431
30295
32663
34664
35480
34008
33000
32391
32215
32487
33624
33352
31527
31575
32039
33688
36024
35720
33640
32071
33000
32679
34344
33576
32167
32679
32423
32535
32439
33096
36120
35608
33880
31911
33320
33544
33416
33640
33080
32920
32792
32952
32087
31991
34056
36056
34872
32519
31063
31287
33608
33592
32583
30999
32311
32023
31015
31895
33704
35208
34248
31399
31143
32103
32904
32647
32663
32311
31831
31719
32711
36024
35496
35432
32872
32199
33160
33496
34008
33608
31575
31927
32231
32455
34248
36184
36536
33848
31831
30791
34648
34792
32968
32423
31927
32519
32984
33640
32856
34648
36360
35208
33544
32423
31623
33304
34200
33320
32023
31927
31879
31543
31943
32647
35560
36040
33816
31543
32023
33208
33672
33560
32487
31415
30247
31047
32808
36728
35176
33944
32792
31879
31479
32824
33368
32135
29591
31495
33864
33080
36376
36232
35080
32968
32183
34056
35144
33336
32583
32776
31943
31511
32471
34840
36376
36937
34136
32936
33368
33512
33976
33080
32792
32103
31703
32711
32711
32567
33752
36072
36360
34200
33480
32087
33128
33496
34328
32663
31703
31351
31511
32599
32711
32103
31367
32167
35288
36488
34104
30887
30279
32535
33736
33480
31431
32183
31943
32327
31399
31287
32231
32711
34984
35640
34248
34936
31671
31399
33192
34984
33448
31447
30999
32519
32872
32599
32471
32295
33544
35640
36232
35000
32535
31591
33512
34120
33352
31911
32679
31399
33448
32279
32327
31559
31543
34120
35928
35048
33736
32663
32039
32872
33416
33288
31703
31383
32087
31911
31159
32359
32135
33672
34984
34616
31815
30615
33192
33592
33240
32247
32215
31447
31559
31751
32167
32711
33960
34520
35096
33816
31959
33096
32695
33448
32231
31847
32471
32295
31911
32311
34392
35800
35288
32936
31671
32968
33464
33192
32215
31783
33208
33320
31079
32231
32936
33368
34152
34136
34264
33096
31943
32215
33736
32311
32615
31943
32439
32647
32023
33448
34616
34392
32615
31079
31815
32808
32407
32567
31319
31895
31719
32984
33080
34392
35384
34984
33208
31511
32567
34136
33480
32663
32215
33048
33112
31639
33608
36456
37129
34088
31703
32231
33816
34008
32872
32615
32263
32776
31847
32359
34264
36440
36072
33992
32327
31975
33016
34056
33096
33384
32183
31191
32055
33160
34392
34728
36488
35864
34040
31767
32087
33960
34392
33464
32295
31255
32103
32792
33288
35080
35656
35000
33704
31895
32183
33320
34696
33336
32487
30695
32263
32824
33720
34728
36040
34488
32071
31783
32487
34376
33976
31895
30775
32487
32471
33688
35368
35896
34728
33352
32423
32215
33544
33288
33512
32551
30823
31207
33688
34920
35976
33080
31303
31655
33432
33768
33832
31207
31831
32583
33720
36792
34904
33112
32135
32519
33032
32679
31927
32311
30855
32840
36072
36248
34408
32920
32167
32039
33720
33560
31191
31767
31767
32311
32055
31943
33352
34824
36584
37225
33416
31863
32343
33128
34280
32824
30903
32551
32551
31943
32519
31783
32519
32343
31495
31751
32007
32151
31655
31767
32663
33048
33736
33464
36568
36408
34456
32792
32952
33336
33528
34568
33032
31623
32663
33272
32567
30919
31415
32183
33080
33560
33048
34328
34392
34792
32904
32343
32984
33384
33128
31143
31367
32199
32119
32695
32007
31591
31799
32776
34696
34024
32856
32599
32295
32071
33368
33064
32471
31767
31335
32840
32840
31879
32263
32519
34488
35688
34088
33000
33416
32695
33736
33432
33560
32439
30999
32824
33080
32551
33192
32792
32007
33368
34920
35352
34648
32824
32007
33160
34456
31783
31687
32936
33096
32391
32663
32519
32471
31655
32840
35208
35800
34008
32471
32215
32984
33352
32663
33288
32471
31063
31543
32359
33032
32904
33736
35432
34968
32295
31783
33128
33800
33576
32551
32071
31719
32391
33432
33000
30759
34312
36504
35160
31927
32087
32279
32776
33560
33096
32279
32391
32263
32295
32920
33960
35352
35672
33992
31847
32231
33000
33512
32279
31767
32455
32936
32519
33384
33480
35752
37049
35000
33432
32391
33320
34120
33240
33544
32423
31335
32872
33304
33976
35416
35928
35864
33368
32231
33688
35048
33864
33064
32263
31591
32071
33160
32583
35128
35016
35880
35336
32055
32535
33112
33848
32247
32215
31911
31495
31895
32007
33944
34840
35512
33512
31191
30599
33160
32840
31511
30663
32551
32087
31879
32936
35272
35208
32904
32663
31879
32471
32615
32375
31975
31399
31895
33064
35144
36168
35176
34328
32039
32007
33256
33320
33496
32295
31671
32279
34104
35816
37289
34120
32183
32071
33272
33816
33784
32487
32263
31559
32039
33544
35592
37049
33592
31191
30759
32471
33224
33544
31303
31303
32103
31591
33320
35656
36824
35208
33096
31175
32295
33800
32679
31895
32407
32327
31511
33640
34568
37737
34616
32391
31175
32663
33672
34024
32455
32808
32695
31559
32904
35944
38105
35080
32135
30999
33064
35160
33416
31511
31591
31127
32535
34184
36232
36232
34200
31703
30183
33336
34088
33160
31399
31335
31447
34104
35656
35928
34280
30599
31031
32679
33112
33048
32007
31319
31495
34200
35608
33960
33096
30935
31287
33464
33864
32487
31639
31671
31591
34712
37017
36056
32103
31655
33048
33240
33928
32519
32055
32535
33384
33672
36120
35064
32535
30343
31543
33416
33880
32455
31511
31831
31511
34152
36008
36969
34312
30503
31559
33688
33320
33208
32007
32263
31271
31991
32311
35688
37561
34904
32840
31879
33320
35080
33768
31655
32039
32199
32039
31127
31959
33144
35688
37449
38153
35336
32487
30871
33192
33736
33768
33048
32343
31447
33112
32679
31511
32087
31543
33080
36408
38489
35848
33352
31655
32936
33256
33288
32647
32695
32808
