32407
33800
32840
33336
31623
31271
31207
33672
35720
38985
36440
33336
30631
33576
34360
35416
32920
30631
32295
33896
32679
31575
32263
31639
32151
32311
33208
34872
35368
34488
31319
32231
32231
31687
32359
31463
31719
31879
31271
31671
32135
32455
33800
34344
35112
35112
33896
32023
31447
33224
33800
31623
32023
31511
33000
32103
31831
33400
33992
35512
36184
33928
31927
32663
33688
33560
32551
32247
32071
32231
33672
31943
33048
33720
35912
35880
33560
31271
34344
32007
32824
33368
30391
30407
32151
33320
32439
33560
34024
33688
33064
32327
31767
31671
32792
32647
32055
32183
31719
32039
33592
35656
36024
34376
33320
31079
32535
35640
34232
32311
30775
31111
33928
33928
36616
36072
32519
29879
33016
34536
34968
34456
31815
33128
32487
31447
33352
34696
35304
34472
32679
31431
33160
33240
33080
32151
31975
30951
31575
33944
34856
35032
33720
31191
31799
32183
33496
31495
30759
32295
32471
33160
34120
36296
35816
34120
29703
31287
33288
34600
34376
31479
31527
32087
33336
34568
36232
35416
33720
31271
34008
32615
34184
33192
33112
31191
31751
33832
35352
35608
34456
32824
32263
32792
34664
33944
32840
33112
32327
32247
33592
35400
35720
33256
33256
32295
32647
32471
33416
32840
31639
32023
34904
36040
35256
31559
31415
31991
32695
33816
33288
31687
32135
31943
33960
35720
34952
32231
30135
32327
32231
33432
31463
31671
31847
31767
33416
34008
33704
30087
30887
31991
32792
32519
32151
31431
32279
34424
35368
34952
35288
31719
31511
31767
32904
33864
32904
32535
31143
33112
35560
36040
35768
34776
31703
31399
33640
35720
34408
30871
31959
33384
32904
33880
35016
35512
34776
32567
32519
32311
33320
33208
32872
31015
30695
32103
32151
31751
33848
35592
33560
32279
30263
31767
31975
32776
31367
31495
30839
32215
34056
34008
35240
33976
32904
31367
31831
32407
32936
34696
32151
31143
33624
32327
31495
33736
36056
35912
32359
31639
31543
33960
34184
34200
31175
31575
32487
33688
32167
32599
36168
34776
32551
32247
32904
33384
34968
33416
31287
32167
32904
33192
32167
31655
31783
33992
35736
32167
29959
31431
31959
33976
32856
31239
31799
31143
32279
35384
35592
32215
31431
32792
31575
32295
32679
32968
32391
31415
31895
34440
35672
34712
33752
33592
33800
31959
31751
32711
33176
32391
32167
32391
34616
36632
36376
33848
33176
31591
32231
33720
33336
32583
32439
33368
31815
33800
35864
35304
34216
33176
31271
32183
33304
32471
32103
31959
31495
32455
33128
34376
34856
33592
31463
32055
31927
32087
33048
32263
30151
32856
33736
36680
36248
33736
31175
32647
33192
35400
33208
32135
31575
31831
34488
35928
37225
35032
33752
31719
33336
34072
34344
33688
32904
32071
32391
33896
35720
37497
34136
32599
30951
33320
33272
33528
32535
31767
31255
32295
33640
35096
36248
32968
31031
32391
33752
35320
33176
30935
31111
32087
33848
36584
36760
32856
32151
30727
33112
33464
33192
33208
32711
31207
33544
38025
35400
33240
32984
31447
31943
34264
34920
31751
32920
36120
35880
33368
31463
32007
33720
33064
32039
29495
29799
33176
31527
32023
31495
32039
31975
32119
31367
31335
33848
38217
37465
35224
33624
33048
33864
33096
32856
32007
32295
32279
32711
33464
33352
32183
33064
32904
31303
30647
34312
35272
36136
35160
34584
32599
32936
33752
32984
33080
32792
31511
31271
33352
32487
32663
33240
31863
31607
32840
32487
31175
32904
35272
36632
34312
33096
31255
31927
32920
33848
31911
32535
32856
30487
31559
31879
31895
31063
31303
32952
35176
34664
34904
31943
31031
31015
32824
32808
33560
33480
31127
31351
32407
33272
31655
31767
32952
32792
33704
34568
35016
33880
32087
32487
34872
33192
32151
32231
33240
32071
32679
33960
31143
31751
31895
34712
38937
35112
32663
31559
30887
33960
33480
33240
33288
32311
31719
32231
33096
33096
33080
32231
32327
33992
35272
34904
32776
32792
33064
33192
31879
31351
31431
32615
30775
31255
32087
33368
33928
34184
34568
32808
30359
32711
33560
33624
33448
32695
32183
31815
32615
32663
33880
36648
36568
32984
32071
32151
32727
34072
33848
32023
31943
31831
33112
32952
33624
35208
35192
33832
32695
33736
32968
34728
33640
32215
32727
32103
32439
32135
33672
34024
34744
35720
33512
31127
31847
32647
33224
34360
32199
31111
30807
30759
34120
34984
35032
33880
31207
31319
32343
32647
33464
33432
33096
31191
31047
33096
37465
37321
34200
31719
32199
32904
34184
33432
32391
32407
32856
31655
33336
35400
36136
36824
33080
30871
32840
33368
32984
33288
31111
32343
31399
32167
32215
34520
37177
37385
34696
31255
32936
33256
32904
32776
32071
31047
33160
31047
31783
33768
36856
36136
34104
29959
31911
33208
33704
32968
32135
30535
33432
31335
31671
33848
35736
37737
34520
30631
31591
33848
34056
32727
32391
31639
32711
33336
33288
33352
36312
36536
34296
31975
32167
32984
33752
33016
33416
31719
31543
32776
32167
33304
36280
37929
34504
30279
31879
34840
33496
32647
33832
31543
29895
31031
32808
34776
34360
35656
33416
30855
32663
33800
32423
30263
31031
33128
31767
31575
32824
35800
35032
33736
32039
31319
33608
33240
32167
32936
30535
31927
32808
33512
35368
36632
34696
33128
32151
31399
34120
34568
32487
30679
31415
33080
33256
33208
35752
36168
35240
32087
33144
32679
32711
33640
31879
31943
32055
33288
31751
32375
34984
37273
36248
32279
31527
32039
32007
33432
32439
31847
31303
31303
32439
31175
32872
34920
35768
32551
30279
31271
32856
32872
30791
32279
32103
31079
31687
32567
34344
35784
35384
34728
31975
32071
31255
33432
33560
33320
33624
31495
32856
32455
34824
35640
36472
33512
32647
32615
33016
33432
33864
33336
32599
31687
31975
32407
31879
33736
34152
35512
36184
33336
31175
32311
33672
33720
33544
31783
32247
31815
32263
32439
31959
33160
33976
34600
33736
33096
31799
30983
33000
34008
34120
31527
31399
31495
31767
32327
32423
34840
34712
33944
30887
31575
30775
33720
30999
32135
31751
31927
32695
32567
34312
37177
34392
32279
31847
33208
32824
33304
34824
32615
31431
32247
32567
34648
35912
36056
34312
32151
30503
33256
34456
33192
34376
32663
31191
32391
33736
36072
37129
34024
30599
30999
33256
33256
32984
33176
33816
30503
31127
32487
35224
34920
33256
32167
30903
31687
33496
35032
32904
31447
32183
32519
34632
35976
35800
34536
32695
32936
35320
33064
32391
33240
32151
32776
33304
31927
35032
35384
36312
35896
31719
32503
34984
34120
33096
32920
33128
33224
32423
33064
33512
32599
34024
34216
35800
35400
32872
31911
32535
32359
33000
32519
32856
32199
30951
31831
31079
32824
31495
32920
34216
35816
31895
30535
31367
33576
32071
31703
32167
33592
32071
31383
31671
31943
32984
34488
35688
34632
33064
31607
34088
33064
32872
32920
32135
31335
33736
32023
32247
31159
31543
33320
35800
35640
35160
33336
31623
32776
34312
32776
32583
34648
32792
31911
33032
31687
33160
32151
32423
33384
36136
34664
33064
33048
32199
32519
32311
33816
31415
31271
30647
30391
31687
33256
31895
34264
33992
34872
33704
31287
31911
33816
34184
33048
32663
31527
34248
33256
31863
33096
35208
35112
33928
32824
34472
32599
32567
33496
34328
31927
31543
34024
32055
31831
34312
36168
35032
33752
33000
31287
31815
34504
34088
33480
30791
29879
31559
32407
33576
34104
36488
34712
31223
32439
32135
33624
35000
34280
32808
33096
35928
33960
33448
30727
30903
33336
34088
32856
33272
32487
33192
32311
34616
35672
35976
32968
31383
33336
33064
34184
34984
32824
31943
33240
35448
