34888
37081
34696
32071
30263
31943
33528
34056
32551
31943
32519
32279
33032
31991
33848
35080
35016
34504
32055
32135
31575
32904
33464
32904
32327
31927
31495
33240
33160
35304
35592
32936
31511
31175
31687
33816
33480
32103
31255
31783
30775
30375
33928
36937
36824
33208
32055
31287
31687
33304
33048
32487
32023
32343
31543
32343
35432
35672
34024
32808
31303
33208
33624
33384
32663
33784
31559
32263
31847
33944
34968
35560
34728
32936
31687
35496
32984
32327
32231
31799
32407
32311
33448
35560
35224
34392
31559
31815
32407
32311
31127
31399
32215
32295
31847
33832
35000
34696
34328
31751
31207
31143
33096
33416
33080
32856
31623
31383
35656
36792
37513
32679
29911
30935
33608
35592
33224
30567
31255
34088
32391
33880
35496
38665
34920
31143
31399
33704
34104
35032
33640
32824
31495
31591
31687
33304
35912
35928
35848
32711
30919
33624
33320
32087
32471
31447
32039
31431
34008
37129
34616
31703
32023
31767
31927
32375
34104
32695
30983
30439
32167
35080
38313
35848
31303
29863
33176
33080
32615
33640
32792
30887
31159
34056
36264
36873
34680
33608
32311
32984
32776
33928
33432
31623
31191
32423
32119
35272
36520
37049
33496
30903
32007
32776
33336
33288
33176
32711
32231
32311
34504
33608
34376
32872
31191
30759
32039
33672
32135
31527
29671
31959
33944
37401
36937
33784
31527
32215
31783
34408
33560
32776
32343
31591
30791
33336
36744
37353
35736
31927
31383
32711
33624
33736
33816
32055
32071
32535
31015
33304
36632
36344
34120
31431
31703
32455
32231
34072
32968
30999
31735
31719
33720
35336
35272
32727
30391
30279
31671
32840
33000
30919
30423
31255
33000
34072
35432
35432
32375
29639
31623
33992
33928
32551
31207
30407
32311
32920
34328
35464
34376
31495
31927
32936
33640
33224
33256
30935
33000
31255
31527
33784
34968
36040
32263
30583
32856
32487
32599
33256
31975
32840
32055
33480
35912
34696
33112
31639
33288
33752
31527
31815
34520
32327
32567
34328
36056
36584
33752
30167
31431
32711
32567
33944
31543
31303
31943
33960
35112
35464
32167
31703
32391
33880
35000
32055
30855
30055
33608
34088
35784
34024
32167
31143
30647
31591
33208
32936
31671
32824
33928
35032
36184
33512
31687
30391
32231
34312
32567
31367
30567
32808
34440
35672
35272
33128
31207
32055
33640
32679
33320
32471
31559
31751
34104
34968
37001
34712
33720
31767
31671
34024
34264
32167
31943
32663
32487
32279
33848
34824
34408
33704
31271
32199
33480
32183
30903
31303
31415
31159
35048
35432
34136
33192
32135
31383
33080
33464
33384
31399
31991
30951
33624
34952
36520
35080
31847
31623
32407
32904
33240
32279
32936
31671
29655
31143
32551
35528
36953
34632
32007
31255
32711
33192
31527
31575
32087
32007
31671
31623
32135
33704
33704
35912
34520
32183
31527
31991
32647
33544
33352
31559
32071
30823
33560
33288
33224
33336
34776
34344
34600
33256
31751
32279
33304
33048
32808
33032
30567
33448
33832
35352
34696
33576
31111
30983
32311
33736
33512
32135
31399
32183
32007
35016
37001
35160
31703
30295
32311
34360
34312
33592
31559
31015
32359
34952
35848
35032
33496
34760
32647
30871
32840
32872
32359
31495
31511
32151
34312
36376
37481
35528
31127
32071
33048
32455
28134
30135
29607
26630
26518
24598
25318
25766
28614
30279
28070
28743
28807
30055
30999
30679
30807
30055
31687
31367
31575
31799
33512
33336
34200
35720
36568
36200
33672
31047
33416
34632
36456
34520
33112
31175
32984
33448
33640
33304
34728
33448
33304
35128
34488
32952
33688
36824
36360
37449
36408
33864
32023
33848
34680
34712
32359
32039
32952
33832
32663
32856
31719
31495
32023
31879
33000
31271
31879
32487
34120
39049
36664
35096
32583
31895
34264
34184
33176
33288
31559
31655
32535
33944
32151
34232
35976
34088
32920
32199
32151
34952
32952
30871
31767
31975
32151
31111
31079
33208
33752
31687
32840
33112
36712
36552
35320
31959
31495
32984
34936
31767
31479
31047
32776
31719
31703
32167
31543
32663
33160
34824
35480
35560
33352
33208
32231
32551
33032
32455
32615
32167
31847
31511
32007
34280
33096
32567
31943
32263
32583
30471
28054
28214
25958
26022
27910
32151
32471
35656
38585
39625
43322
50492
50316
41226
34664
36008
39497
43818
35800
27030
22293
28118
33496
35080
31847
31031
32872
30087
31271
33896
33464
32343
33192
35416
35880
34648
33432
31655
33032
33320
33160
33624
31671
32776
32055
32824
31943
31975
34504
38041
35272
31655
31415
33704
33608
32776
33176
32872
32071
32215
33160
33016
34856
36184
36248
34344
30615
33768
34104
34680
32840
32311
32936
32231
31959
35800
36648
36568
34024
32663
32343
33816
34776
34824
32840
31127
32007
32872
34248
33672
35736
36360
34056
32583
32519
36024
35176
33352
31831
32455
33432
32423
33208
37049
36072
35112
35864
34040
31319
33144
36456
34136
33288
31287
31671
32551
33080
34312
36408
35656
34376
31559
30119
33432
34232
34200
31943
32647
30567
31399
33320
34824
34504
35288
33752
31495
32856
34248
33368
32087
31543
32423
31879
30775
31623
35048
37289
35352
33688
30775
33640
32856
32055
32936
33032
32007
31623
32071
33176
33960
35720
36072
37145
34120
32567
33128
34440
33832
33864
31703
31559
32167
30679
29671
28374
26470
28198
28246
27606
30343
31623
30375
30727
29207
26662
26694
31159
37737
39817
36552
32327
31271
31079
32455
31239
30743
28983
29319
28342
30407
33928
35592
35992
32583
32007
33544
35384
33976
33704
33448
32263
31527
30791
32695
35224
34760
32647
31223
32711
31527
31399
32423
31159
31319
31063
31415
35464
36248
33544
30695
31047
31303
32471
32215
31303
31047
30935
30807
33736
35736
38121
32904
30055
30807
32455
33096
31959
32311
32359
31687
31399
33288
35608
36552
35016
31879
31399
31559
34088
33928
31895
30471
30615
32695
32567
34232
33864
34648
32711
33432
31655
31543
33800
33112
31399
30535
30599
31975
33704
32295
32167
35160
36024
36168
30535
31367
32423
33928
33352
31191
31575
32615
32215
30855
31063
31399
32663
36280
37129
35896
33832
32311
32551
33448
32423
32071
32599
30919
32007
32439
34760
34968
34056
34344
34440
35256
32952
29607
31271
36376
39081
39369
35160
29927
27398
28903
31271
29975
32551
33256
33704
33864
32039
33448
32583
33576
33032
33352
31175
32199
32359
32327
34872
35288
33688
32231
33288
31639
32087
33064
31383
30935
32872
31783
31623
34504
36136
34280
33464
33432
33496
32231
33208
33800
32263
31527
31143
33368
35464
36424
34056
31735
31271
32647
33480
32663
31639
31671
30199
32439
35848
36632
35816
33096
32215
31591
33032
34056
33816
31815
31159
31607
33880
37097
33288
31015
29911
32551
33480
33160
31175
32343
32904
33432
34264
35096
34312
32647
32567
32679
34664
32455
33032
32391
32167
33192
34088
36280
33432
32055
31399
33224
33224
34136
33352
31847
31671
35592
36712
35960
33992
32519
31687
33352
34104
34248
33256
32311
33176
35320
36680
34968
32439
31959
33992
32920
31367
32407
32407
33832
32599
34312
37305
34952
32055
31799
33000
33048
33192
31303
31815
32183
32039
33400
33304
35528
36456
33512
32343
31287
33560
33112
32263
32167
33032
33576
32135
30615
34136
36008
32599
31015
30279
31143
34088
34504
32920
31687
29991
31303
31815
33512
36056
36376
33496
31511
31687
33992
34440
33496
31319
30391
31431
33272
32567
34488
36776
35016
32808
32327
32375
33256
33816
32840
34056
34952
30247
30727
32439
35080
36120
34984
32856
33880
32551
31063
32792
35224
31879
32455
32647
33128
30823
32407
33112
35224
35256
33240
32167
32872
31959
31591
