32423
32327
33112
33640
34664
33384
33336
33400
33192
33224
31783
30695
32920
35384
36408
33896
32007
32695
33096
32551
33240
32023
31255
33048
32407
31671
32215
32567
32359
34216
36040
32872
32071
32183
33064
32904
34152
32135
31303
32311
32792
32840
31719
32856
33192
34440
34120
32359
32936
31687
31143
32711
34024
32936
30791
31799
32151
33544
33112
32663
33688
32840
33096
32151
31911
32327
33560
33128
31543
31623
31799
31479
33048
32455
33416
35752
35208
33192
31671
32263
33176
33624
33496
32311
31671
32439
32471
32984
31431
34376
35416
35256
33896
33048
32936
32567
33704
33352
32872
33832
33368
31463
33352
33176
32535
32023
32487
36056
37065
32792
32231
33048
31447
33064
33704
33144
31831
32695
31767
31159
31127
32567
32439
34600
35800
33448
31847
32199
32263
32087
31527
32391
31847
31399
32920
32375
31831
31063
33288
36024
33928
33128
32039
32295
32519
33544
32535
31959
32984
32103
32471
33448
31911
33528
35208
34920
33640
32968
34088
32487
32904
33800
32984
33000
33592
33528
32087
32487
35336
35800
33448
33560
31111
31655
34024
33848
32599
31511
31783
32423
32840
33688
34648
34232
32824
33032
33320
31815
33976
32776
32167
32167
31847
31815
34408
35816
35736
33576
33560
32984
32519
33880
32039
32695
34184
34024
32183
32327
33656
36760
35736
33944
31927
33816
33704
34728
33624
33224
34072
31111
32984
32904
34568
36456
35560
33960
32647
31559
32904
33176
32776
31927
32968
31927
33016
33448
34920
35736
34632
31671
30999
33288
33992
34200
32391
31559
31127
31383
31335
33832
35912
35256
33960
32183
33048
34248
35336
31511
30359
31863
32311
33288
33880
33512
36824
35848
33384
31943
32343
33608
34120
34216
32087
32295
32920
31879
32663
35160
35720
36328
34056
32599
33192
30999
33544
34472
33544
31207
32647
31703
30231
32567
33064
35512
34600
32984
32039
33304
32792
33512
32599
33000
30583
32055
32647
32343
34728
35736
34072
31751
30423
31287
33512
32231
31783
31143
31687
30935
32711
34584
36552
34520
31799
30631
31943
33672
33176
32535
31527
31703
31671
32343
32920
36216
37417
33608
31399
30999
34712
34888
32872
31943
30519
31687
32439
32952
34152
34840
36408
35800
33208
31975
33112
34200
32407
32711
30935
32391
31799
31623
32487
32311
32151
36200
35256
32711
30951
34264
33128
32535
33864
30999
32135
31815
30695
32151
32279
33320
35176
36488
34056
31463
31783
32519
31607
32904
31847
30807
31047
32840
31991
31671
31799
34664
37017
34872
32007
32135
33880
33816
33320
32343
32647
31783
32487
31639
32599
32263
33160
31719
34744
35336
34856
32039
30391
31543
32407
34248
32439
32583
29767
31191
31799
32247
32407
32856
34232
35096
33848
34088
32135
31783
33560
34456
32567
31895
31575
33528
33400
31959
32551
34200
34616
35048
33752
32535
33432
32103
33928
33592
31639
32551
33080
31751
32487
30295
31623
33928
35208
35352
34280
30423
31959
32391
34072
33640
31751
30919
30535
31831
31207
32952
34056
35256
33080
32679
31767
33864
33992
31799
31511
31799
33176
33416
32968
35320
35240
33256
32711
32872
32167
33496
33480
33800
32039
31335
35048
33672
34712
35816
35400
31831
31815
33816
34152
34984
30903
31543
32423
33224
32615
31927
34056
35512
35176
34696
32167
30743
33480
34216
32311
31319
33512
32231
31399
32039
34872
36712
35240
31751
29783
31911
32519
32824
33320
32135
31367
30823
32167
32167
35832
35992
34760
32183
33208
33160
33800
32872
34184
32776
32679
31671
31511
33944
36552
37257
33064
31911
32856
34456
34088
33448
32647
32375
32199
32455
31927
32840
34888
35944
33496
33160
33368
31799
31959
33112
33384
31367
32471
31847
32391
31783
34024
34584
35544
33720
30663
34600
34088
32071
31895
30951
33496
33176
31927
33752
36408
35032
34216
32647
32968
33176
33352
33256
33160
32199
32247
33256
33080
34072
34984
35432
35640
34184
32023
32071
33448
34872
32663
34088
33032
31927
33752
33416
32327
34376
36248
34696
32888
32615
34280
33256
32567
31767
32647
32663
32279
31415
31911
34536
36921
35144
32647
31543
33832
33688
31591
32423
31447
32343
31591
31879
32231
34824
35784
34376
33176
31847
31895
33736
33400
34088
31703
31879
31687
33800
34472
34280
35768
32327
32279
32904
33448
34504
33256
31799
30407
32391
34120
36744
36344
34104
31175
31639
33128
34632
33544
31735
31463
30663
32695
35752
37545
35656
33272
30439
31847
32599
33608
34152
31767
32151
32487
32583
30519
33576
36024
35096
34456
32776
32231
31367
33128
33000
32327
32471
31639
31543
30871
31655
32968
32872
31047
31639
32615
32904
36136
37625
34984
31799
31239
32391
33768
33992
32071
31719
31479
31767
32183
32071
33240
30199
30231
31783
34664
34488
35144
34456
34520
33640
32023
32199
34200
33336
32071
31287
31799
31623
31319
34136
32599
31399
31303
32391
34472
35672
36136
33048
31303
33624
33912
31655
32840
33336
32311
31527
31015
32487
32167
32984
31511
32984
32808
33528
36104
35144
33240
33752
31959
32183
32167
32792
32487
31511
32023
33288
31911
31495
32711
31543
32872
33752
36136
34184
32295
32279
32439
33528
32824
32695
32327
31783
31671
31895
31783
32471
32023
31047
34008
36328
36921
33736
31463
31239
32904
34392
34120
31639
31911
32904
32711
31703
32808
32103
32776
35112
35720
34328
32808
30919
32872
32856
33832
32487
33416
32824
32119
31383
31767
33160
34264
34168
35512
31399
30743
32856
32231
33560
32840
32423
30759
30903
32776
33848
34312
35688
33800
32455
30919
32776
33208
32551
34072
31447
32551
31623
31655
34664
36120
35752
32551
31399
31895
34312
35272
32519
30919
31911
32711
33496
35160
35880
35800
32776
31799
33640
33960
34024
33784
33736
32007
31767
31559
33384
35864
36616
34616
31799
31127
32391
33736
33848
32792
31111
31655
32359
33848
36088
37305
33080
30359
31767
32776
33336
33816
32519
31815
31303
32952
33928
37689
36456
32599
29879
31431
35336
33992
32343
31847
32359
31319
32647
34296
39433
35496
32391
30055
34232
33848
33944
34872
32647
32840
31559
33192
35656
37417
36760
34648
32824
31575
32231
33112
35160
33960
32055
32231
32936
35688
36824
35928
34824
32071
33992
32551
32615
33448
32824
32231
32583
32840
32055
34376
37081
37465
33288
31015
31671
32824
34728
33240
31543
32952
33240
30903
30647
33704
37577
38857
33672
30359
31511
33496
33368
32183
30887
31111
31799
31975
32055
35880
37657
35560
31671
31783
33384
34312
33768
31623
31255
33576
30839
32343
30983
31815
36840
37577
35576
33304
32183
32792
33992
33240
33464
32519
31671
32007
33736
32792
30935
32679
35112
37209
36873
34968
30887
32984
33896
32551
32167
32519
32567
32984
32215
30919
32215
33160
33688
34728
35048
36424
33720
30807
31911
32135
33896
32263
30615
32343
32231
31591
31703
31175
31047
34888
35384
34600
33672
30535
30887
33208
32695
31207
31047
31431
31687
30567
30263
30055
31511
34200
37209
36280
35672
31703
30919
32007
33944
32263
32359
31191
31447
30791
31543
32872
32984
32455
33592
35432
35512
34072
32247
32087
33160
35176
32776
31511
32503
32471
30775
31063
32407
33096
32215
33592
35288
35208
35384
32872
30743
32519
34760
35400
32279
31719
31175
31815
31927
32071
31783
33048
33592
36168
35000
31831
32071
31015
32679
32407
33160
31383
30215
30423
32663
32551
33688
34488
35736
33576
31191
31175
32087
34504
33496
31895
30551
32471
31495
33960
34456
35992
36744
33832
31335
31031
33864
34104
33992
31639
31767
32615
31655
34520
36776
36953
34664
31127
31927
32263
33832
34136
33320
31223
30583
32423
32583
34392
36008
35832
34264
