32439
31751
31447
31575
31639
32295
31639
31655
33256
35640
34168
32359
31671
33256
33432
32551
31495
31511
31879
31943
31559
31559
33064
31239
32423
33496
33992
33320
33128
33624
32503
33368
32487
32247
32455
32087
32327
32359
31783
32311
32199
32615
32615
34824
34920
33688
33016
32295
33160
33496
33048
32792
32007
33080
32647
31639
31639
32167
32103
33496
33928
34568
34920
34952
34104
34200
34296
34904
32920
34072
32455
33944
34200
38409
43962
46475
57486
46443
33640
27238
27830
32471
33384
32055
31431
32135
32103
32583
27814
26022
32023
37257
42074
34904
24037
22293
26950
31543
32487
32039
31719
31271
27222
32039
35688
33640
30295
29607
31367
32135
29943
28871
32039
35640
34728
30023
30247
31527
31527
31959
33464
35368
39001
40825
37545
30263
29191
33720
34280
31287
30199
30951
32984
33288
32599
33672
36312
35544
33416
33416
33496
33080
32679
31847
31751
32311
31959
30631
30135
33448
35528
35912
34792
34280
32647
34280
34904
32856
33544
33016
32872
31463
32039
34504
34600
33112
31367
31639
32487
33576
33432
30887
32055
32567
33688
35944
35416
34408
32455
32263
32792
33704
33992
32519
32439
31719
33080
35368
37017
34840
32984
32039
33160
33032
33336
32824
32007
33304
31591
33000
35608
35976
34344
32535
32968
31751
33160
33528
32631
31847
31735
31767
33256
35256
36072
35112
33192
31975
31831
32679
32984
33208
32776
31191
31431
32359
35720
36568
36136
32487
31847
33160
33544
33080
31719
31383
31927
33000
32487
33608
35896
37609
35160
32776
31767
32792
33608
33416
32936
31575
31063
30903
33000
35992
36792
35752
34040
31703
31767
32968
33224
32087
30567
29447
31319
34280
35432
37449
38953
39241
37001
35096
34056
34904
36424
35736
35896
35960
36072
34488
36104
37209
38361
37577
33992
32231
35416
34904
33720
31799
32519
32087
31415
33864
36921
39049
35656
33800
31463
33480
33288
33592
31687
32231
31975
31975
33208
35800
38409
36520
32327
30631
31239
34952
34152
32263
31271
32439
32087
31591
33752
38473
37577
34744
32263
32023
32199
33960
32551
31911
30007
31143
31831
32455
33560
35736
37481
33800
31399
32039
32439
33208
32695
31383
31735
30951
31127
33480
36648
36776
35352
31175
30407
32519
33704
33608
31655
31767
30135
32391
32792
34728
37161
35384
32615
31799
32311
32952
34264
32167
30215
30919
32327
32199
33112
35576
37273
34712
31911
31687
31143
33416
32936
31975
31639
31655
30791
32327
33000
35304
37273
35352
32535
30983
31191
32824
32679
32311
31959
32359
31783
30871
31959
34472
37817
36312
31751
29671
31559
32551
34392
33576
29911
30391
31751
32007
33224
35800
35640
34120
31767
31671
32599
33928
31943
31639
30727
32535
31271
33096
34472
36168
35752
32936
32039
31927
32215
34200
31239
31127
31687
31527
31431
32776
35352
37337
35720
32792
31975
33208
33080
33752
33256
32151
31367
32856
33128
32792
34088
37385
35608
32711
31511
32984
33832
32711
31543
32231
31671
31367
31591
34488
36056
35768
34440
32599
31783
33240
33976
33240
32007
31831
31671
31975
32167
35096
37385
36776
32279
30791
31975
34472
33624
32103
31943
32647
32711
33624
36632
37161
34328
32151
31351
32583
33960
33752
33688
31559
31703
32904
37081
38233
36232
32984
31975
32071
33192
33944
33560
33288
32583
31815
31975
34776
37961
38169
34504
32599
31911
32776
34152
33208
31815
32199
31079
32023
33096
32167
32776
31543
34520
38425
38185
36840
33432
31383
33720
34136
34040
32551
31687
33240
32023
32583
32487
32519
31927
34376
37977
37721
35208
33240
32359
34696
33512
33160
32968
32920
31623
31495
32856
34024
33128
30967
34184
37593
38633
35944
33176
31895
33864
34456
33608
31943
31767
32231
32519
34568
34072
31959
32343
35624
37449
36648
33672
31703
32936
34584
34760
31943
31255
32487
32968
32087
33112
33288
33848
36536
37001
35320
32023
31975
33800
33800
33080
31959
31543
31143
32952
32647
35432
36344
35720
32135
32311
32295
33112
33448
33416
32840
31431
32023
32071
34200
35496
34824
33192
30983
32263
32311
32679
32167
32407
31767
30391
32167
35832
35272
33416
30967
31255
31511
32583
32904
32167
30983
30439
33960
35384
35768
35272
33832
32199
31463
32215
33848
32439
31255
31063
32519
34232
36376
36552
35032
31847
32343
34072
33416
32519
32647
32487
32151
31543
33688
36552
37721
34840
33096
31815
32920
33848
32792
32455
33544
32055
30631
32679
36536
36792
34616
32776
31543
32551
33096
32824
32567
32439
31911
31095
31703
35544
36584
34552
32487
31895
32776
33096
31847
32231
33608
30631
31127
33256
35608
36040
35208
33304
31719
31783
34184
33688
32375
32055
31671
32039
32936
36392
37993
36520
33640
30903
32904
34632
32872
31527
32535
32711
32663
32327
32679
35656
38377
35560
32391
31879
32519
35224
34408
32455
31319
30999
31911
32455
33432
35048
36584
36488
33816
32055
31975
32840
33752
32519
31159
31271
31287
31559
33464
34408
35368
34696
32695
31159
32679
32695
32215
32119
30743
31543
32423
32455
32567
36696
37337
34888
33384
31399
32695
33640
33416
31799
31319
32711
32904
33240
30759
35096
36152
36824
34360
34056
31975
33112
33048
30855
31799
31847
32888
31943
31431
30935
32487
32856
36008
37193
35528
33048
31831
31783
33432
32872
32856
32007
31239
31047
32519
33336
32792
33240
34728
35144
33304
31783
32423
32343
32776
31975
31911
30743
30615
31207
32103
32535
34744
36152
34872
32471
31671
32679
33896
33592
32455
31719
32199
33448
31047
30743
34072
37257
36168
33928
32263
32439
33992
33160
33944
32199
31783
32327
33896
31447
32808
34072
36072
34952
32840
32567
32231
33352
33512
32776
32936
33000
32007
31287
33672
36600
35080
32279
31831
32872
33048
33496
32231
32167
31431
31831
31879
35368
37273
35512
33704
30727
32039
32455
32872
32856
31495
31575
32968
32792
34920
36488
34104
32407
31879
33080
33576
32583
32279
31543
31223
31143
31991
34728
37433
37481
34216
30951
32071
33256
34712
33624
31847
31943
31799
31831
33384
34936
36568
35992
33752
31175
32199
32567
33080
33160
32135
31655
32215
32920
34888
35624
35640
33464
32231
30903
31847
33832
33112
33112
32679
31511
34104
37401
36424
33608
32167
31927
32984
34552
33160
33944
32984
32792
35544
37225
37033
34488
31767
32647
32968
33864
33080
32103
31639
31575
32231
32423
31879
33752
37065
37657
34760
31879
32215
32183
32343
32695
31751
30663
30551
32647
32247
31895
31639
31255
31255
31591
31751
33640
35624
37209
35368
33192
31703
32263
33224
32904
32215
31319
31815
32808
33208
32103
31559
31751
31911
30983
32343
34200
35672
34408
33944
31975
31671
33704
34408
32087
31895
32519
32808
33000
31543
31879
31671
31943
32071
33368
34184
33992
33080
32856
31783
31159
33320
31895
31687
32055
31751
31863
31703
31543
31079
32311
31767
33880
32615
32087
31431
33544
32776
31927
31527
33192
31639
32199
32135
32856
31815
31655
33464
34920
33448
32840
32487
32952
32615
32792
32359
33544
33816
33112
33208
33352
32551
33720
32599
34776
33320
33176
31719
32535
33384
33288
32263
32567
32071
31575
32567
33160
34408
32920
32007
32055
33224
32471
32567
32471
32968
32968
32087
33000
34264
34584
34568
32968
31399
32551
34328
34008
31895
32215
32824
32295
32535
34136
35176
34824
33320
33240
33352
32872
33096
33544
33144
32920
33608
32311
33672
34520
34728
33768
32071
33320
34200
32679
32808
32311
32776
32471
34568
34696
34488
34024
32087
32135
31703
32904
33016
33176
31159
31335
32327
34232
35368
34456
32599
32023
32711
34024
32872
32984
33640
32519
32231
31943
35640
35672
33720
