30391
33128
31447
31575
32647
32215
33864
35400
34072
31031
31415
32936
32039
31975
31511
32071
32936
32551
33736
33608
34312
32263
30727
32679
34088
32487
31127
31431
31639
34600
34584
34312
33176
30679
32711
32952
32920
33656
32551
32407
32856
33112
35208
34664
31879
32439
32808
31575
33128
32151
32103
32583
31191
30295
31799
35160
36568
35688
31655
32647
32055
31655
33320
33672
31559
32023
31239
32968
31591
31527
33880
35944
36296
33576
31303
32840
33848
33288
33176
32007
32023
32135
32455
33224
35160
32231
31783
34504
34488
34376
33176
31943
32039
32007
33448
33288
31703
31159
31655
32295
32167
32183
34104
34744
32776
32391
30871
33320
32792
32711
31687
31047
31767
31463
30567
31703
33464
35256
33992
33512
32183
31895
32263
32872
33288
32167
31399
31847
32311
32808
36120
34904
33128
32247
33080
32904
34600
33576
32647
32551
33224
31399
33864
35496
34728
35080
31799
30647
32439
34312
34184
33288
32679
31111
32872
36424
35176
33944
33256
33160
33112
32199
32439
33112
32888
31399
34456
37049
37897
33576
32199
32952
32615
32840
33176
34600
32407
31303
34024
38473
36440
33320
32055
33080
34296
34840
32631
33176
31671
33032
33464
36776
37689
35464
34088
33416
35192
35288
33864
31047
31415
32327
32776
32824
33816
36248
37097
36360
32535
30935
32327
34472
35672
32391
30311
30679
32391
32792
33352
35400
35656
33416
31559
30119
31767
33624
32087
31079
32151
31927
32023
33560
37433
37897
35096
32359
30663
32840
34408
33416
31143
32695
32567
32311
31143
33704
36312
35896
36440
32904
30343
31591
34728
33752
32183
31079
31319
32792
32439
33752
36312
35512
32439
30775
30727
32808
32856
32151
32279
31927
31895
33416
35368
37353
36648
33864
31879
31367
33208
34744
33576
31303
31911
33464
34488
34616
36248
34232
33240
32359
32103
33608
33384
32920
32087
31815
32215
34696
34568
36040
32888
32135
31847
33304
33848
33384
30231
31799
32679
33000
36216
36168
33944
31879
31031
32471
33528
33128
32343
32247
30775
33096
34872
36632
35512
32952
32327
32071
34328
33624
31255
31751
33224
32872
32103
33688
35544
35672
34008
30807
32359
32776
34200
32583
32263
31527
30615
31287
32695
34312
34168
33176
31655
31527
32856
31847
31367
31543
30631
31575
32615
33192
35224
33560
34024
31751
31271
32135
32567
33128
32455
30151
31591
33832
35816
33608
31959
30503
31399
33496
33416
32519
31751
31927
33608
35144
35688
34632
31751
31015
32007
33240
32711
33928
32023
30999
32776
35112
36760
35864
33880
30183
31559
33864
35144
33128
31575
32007
33640
33240
32599
31911
34488
36296
35800
34184
32343
33224
32615
34984
32663
33256
31703
31687
31335
32808
32984
33272
31511
31063
34280
37145
34888
32151
31079
32808
33304
32039
31447
31335
32071
31879
30423
31447
31799
31447
33640
35000
35144
33624
30375
31991
33640
34248
33288
32151
31927
31639
32519
31895
31943
31031
33208
35224
35592
34952
33880
31703
32535
31991
33384
33048
33944
31959
33192
31959
32215
33304
31287
34312
35048
36056
33752
33720
31911
33208
34440
34056
32023
32247
32199
32007
33672
32007
33000
32535
34776
37305
35176
31063
29943
31319
33992
34344
33128
32647
31095
32439
32199
31815
32647
34824
35496
32984
31255
31623
33064
34200
34008
31399
31815
31783
32487
33864
33064
35816
36776
34536
33112
31623
33736
34600
34104
33080
33032
32711
32776
32519
33192
35688
37433
36040
33176
32151
31879
34136
33512
34760
31783
32567
32135
32343
33704
35304
36008
33464
31575
31511
31895
34744
34072
31767
31495
31911
31895
31847
34520
34584
34888
33352
31367
31991
32007
31687
32679
32792
32423
32567
30167
35000
34152
36280
34632
33672
31127
33288
34824
35240
32615
31287
31879
31127
33240
36136
36136
36808
32647
30999
33096
33448
34504
32647
31015
31543
33320
32471
33256
31911
33768
36056
37977
33816
31815
31815
33032
34312
33304
32311
31687
32599
33608
34008
32263
30791
31655
37145
37769
35224
31143
31591
33176
34920
32343
30423
31543
32087
32904
31559
30375
31655
32567
35336
36921
33224
32327
32295
33512
32487
33320
33768
32519
31063
30951
33064
32199
32984
34360
37001
35288
33512
32423
31623
33240
34152
34200
30903
31383
33096
33848
30999
31527
33448
35416
38969
34456
33432
31895
32439
33512
34488
31847
31623
30567
32087
32279
32776
33000
33544
34440
35288
33864
31719
33032
33112
32295
32936
32167
31527
32936
32792
30743
30791
33944
36024
34280
33480
30663
31319
33048
32824
33624
32231
31047
31031
31879
34616
37801
35160
33320
31207
33128
34456
33224
33208
32471
33720
33016
32103
33880
36792
36296
33224
32199
32023
33320
33304
32968
32055
32151
33032
34280
36520
35384
32599
30183
33448
34024
32567
32391
32167
32423
32679
34376
36264
34424
33992
30695
31511
33128
32535
31703
30999
29015
29799
34200
36488
36392
33080
31831
31335
31975
31911
33112
30935
30679
31527
34760
38233
35976
31767
31191
33048
34184
32551
32295
31623
31655
32215
31479
32776
33288
37065
37097
32792
30359
31895
33928
34280
33176
31319
32792
32215
31335
32343
33944
33960
36776
36632
34344
32663
31655
32535
32952
33672
32968
32984
30503
31655
32535
33384
35800
35880
34216
31799
30759
31591
33816
32663
31575
31031
30471
31383
31207
33224
35752
34360
31927
30407
32471
33176
33208
32647
31895
31959
30967
30967
33896
36776
36616
34904
32647
32423
32215
32583
33352
31191
30727
32968
32359
33768
31927
36824
37337
35080
32567
30439
32695
33288
34376
33448
32039
31319
31943
32183
31799
32888
36568
37097
35016
32776
31959
33512
33160
34392
31351
31287
32711
32199
31975
31591
33160
33544
35992
35976
33032
32936
32327
32007
33128
32679
31799
31847
31735
30935
33480
34344
35256
34456
32215
31591
32183
32487
33384
33992
30775
31399
31367
31815
34216
36937
36616
33176
30647
31127
32888
35384
34696
32183
32647
32423
32695
33096
35912
36905
36024
33160
31271
33816
33416
33256
33624
31943
31943
31879
32663
33816
34952
37529
33160
31191
30615
31783
33160
34376
32231
32327
31335
31639
34360
36296
34648
32279
33672
34104
33288
32647
31175
33176
32327
31831
35912
36808
34520
33032
31799
32711
33960
34408
31975
32039
31767
33512
35928
38569
34584
31159
32135
34216
33352
32583
32984
32920
31319
32792
34120
36248
36264
34184
32199
32071
33192
33592
33176
32936
32263
33384
32039
31719
33576
36937
36456
33096
32247
32279
33032
34120
33240
32231
31655
31943
32359
32583
32199
32583
34136
34488
33608
31783
32776
31127
31527
30903
30727
31879
32439
31159
30823
32471
33416
37273
34200
33624
31111
30871
32663
34712
32792
32167
31671
33000
33000
33688
36680
36792
35256
30631
31127
32487
34376
33464
32647
32391
32311
31879
33736
34824
35848
32023
31159
32519
32904
33672
33256
32071
31111
32151
34712
35368
35224
33800
33256
30919
32695
33384
33032
33192
31271
30567
31767
33672
36360
33816
31175
31831
32695
31847
32327
32872
32039
31463
34872
34824
34344
32007
31559
32711
32968
34008
30343
31783
33256
33800
36088
33992
30919
30999
32311
33240
32984
32840
32327
31175
34504
35288
33944
31751
33416
32551
33576
33272
32984
32231
31639
32615
33064
36520
35944
34456
31511
32199
32808
33704
33624
33160
31623
31719
32375
32936
32920
31703
32199
32199
31911
33128
37641
36760
35128
31895
31511
31991
33320
33864
32679
31847
30151
31527
32343
32359
31767
31015
34184
36969
35592
31495
32455
33064
33032
33496
33288
31239
30775
31799
32936
32695
31895
33640
32391
31495
32968
36376
35848
34344
32167
32151
34008
33816
33224
32055
32071
32519
