35816
36280
33704
32023
33496
32535
32984
32968
33208
31815
32599
33944
34888
36056
34152
33384
31495
32647
34440
33336
33800
33272
31415
32327
31655
34600
36504
35992
32776
31927
34200
33176
33896
33160
32519
33320
31319
32407
34392
35480
36424
34824
31655
31639
34328
34664
33496
31831
32615
33496
31687
32872
36104
36072
35480
33048
30919
32872
33944
33000
30535
29175
31031
33160
35000
35720
37001
34616
31671
31927
32840
34504
32824
31799
31143
33768
34360
34776
36552
36040
32840
33608
32920
33608
32808
33240
31543
31863
33992
34344
34184
35720
35528
34136
32263
32503
33448
33800
32808
32279
32695
32215
33768
32535
34600
36792
37065
34344
32199
33496
34520
33992
31911
33256
33176
32551
30999
32840
34568
35368
34888
34952
33496
31415
32103
33688
33448
31447
31623
32551
32103
30631
32567
35112
35128
34024
31927
31207
33304
34088
32071
31623
31591
31367
32007
33192
32471
35368
35256
34792
32711
31623
32952
34248
34136
31591
29879
32920
32695
32215
32679
35176
36344
35384
33832
32663
32183
33032
34408
32968
31383
31751
31495
31959
32055
32695
35288
35176
34376
32856
31767
31959
32151
33080
32327
30343
32423
31303
31063
31943
35640
34488
32503
31847
31239
32231
33256
32711
32535
30759
30583
31575
32679
34536
36232
34888
32840
30087
31831
32984
32936
31639
31703
31655
31719
32808
33928
35384
34488
33112
31879
31927
33512
33480
33768
32327
33032
30983
31943
34232
34952
34696
33496
32952
30855
32359
33512
33416
32311
31431
31335
31431
32455
35336
35240
34008
31127
31879
33416
33352
32055
31223
32071
32968
32231
32984
35864
35752
34328
31783
32135
34312
33720
31671
32103
30983
32824
33480
33320
34456
35096
34472
32487
32583
32135
33672
34216
33160
30647
31431
32647
31703
34760
35896
35640
32856
31447
33464
33736
33176
33224
32599
32279
32023
32439
34360
35880
34392
33000
32808
33976
32984
32952
32215
31655
30871
32295
33880
35944
35384
33512
31287
31111
33928
34104
32920
31447
31591
31335
33832
35368
36056
33240
31495
32087
32824
33560
33608
32359
32023
31639
32808
35832
35688
34360
32471
31799
32231
33704
32663
32167
31767
31975
33512
35624
35640
33640
33048
31383
32872
33416
32695
32439
31031
31271
32231
35336
35576
34008
31591
31223
32776
33208
32920
31047
29927
30551
33816
35480
34184
32487
32215
32840
32135
32359
31911
31703
31495
32231
35208
36136
35144
32615
31047
32455
33976
33896
32599
31207
32375
32071
33336
35848
36905
34632
32039
32039
34360
33880
33160
32071
32199
32103
32183
31895
33464
36937
36792
33240
31063
32519
33288
33384
33288
32279
32071
31319
31431
31527
34312
35288
35800
33240
30743
31879
32824
32920
31767
31767
31255
30679
31943
32776
35288
36056
33096
32295
31239
33016
33352
33048
32727
31063
32647
32567
33752
35032
36296
33784
31959
31495
33224
34072
33720
30983
31799
33064
32343
32407
34120
37209
34920
33736
31831
32263
32776
33272
32808
31911
32023
31383
32183
33336
35336
36056
34184
30999
31367
33160
33496
33688
33032
30807
31767
31927
33880
35800
34216
32808
31303
32231
33544
33768
32679
31959
30343
31527
34488
37513
37529
34552
32423
32359
33752
33944
34488
30919
31303
31687
33096
34376
36921
36520
35160
31799
33336
33640
34152
32904
31703
32327
32423
32007
32503
32375
31783
33624
34968
37465
36024
34504
32583
33304
33528
32808
32679
32615
32199
31703
32087
32695
31943
31575
32455
34328
35992
35768
33176
31271
31879
33000
32968
32103
31687
31079
31047
31895
32295
31463
31927
33880
36184
34648
31335
31207
32792
33048
33400
32920
30775
30679
31847
32391
33000
31815
33256
36232
35368
32856
31415
32904
33736
33512
32872
32519
31111
31719
33672
33192
32679
33576
35336
34952
33928
32936
31767
32808
33464
32007
31159
31015
31751
32679
32359
34616
34760
35256
33224
30999
30567
33544
33320
32792
30695
30727
32679
32391
33000
33288
35400
35032
34568
33368
31879
32439
33640
33240
32007
31047
31767
33192
31767
33512
36104
36616
33048
31751
31607
33864
34904
32535
30503
31511
31271
32551
31799
33192
34888
35544
35016
32792
31911
32551
34136
32984
31831
30855
31191
32423
31495
31911
31815
34920
35240
36008
32695
31959
33240
33304
32631
31319
31255
31751
32968
32071
32808
32039
31911
32904
36568
36440
35736
33112
32423
33160
33976
33736
31703
32359
32920
31991
32535
32503
31559
32824
32183
33288
35880
36392
35496
33944
31767
33224
33752
32936
32711
31319
32279
32295
32327
32439
31943
32055
32311
33272
35384
35208
33416
31543
30823
32423
35112
33112
31255
32776
31335
31895
32247
33032
31927
33048
36424
35896
34904
33592
32183
32599
33768
33752
33352
31527
32359
32647
32583
33256
31815
33464
36232
36120
34248
33160
32167
33496
32551
33464
32407
31415
32808
33128
31543
32792
32439
34840
35864
34456
33416
32327
32087
32920
33560
33240
32711
31127
31783
32391
32423
34824
35416
33864
31383
32904
32295
32936
32856
32535
31879
31111
32808
32423
33608
34264
36424
35464
32215
31559
33032
33480
33704
33448
32391
32263
31799
31271
32183
34056
35016
35672
34184
32423
31671
33176
32215
32792
32936
32535
32215
32007
31783
32840
34120
35288
35528
34152
32487
31239
33576
33768
33400
31255
32471
32103
32647
33544
33624
34472
33160
33240
32535
31991
31943
33112
33624
31671
30503
32135
31767
33432
35080
35240
34856
32103
32119
33208
33944
32615
32199
33544
31479
32439
33944
35752
36712
33688
31895
31543
34152
34360
32599
31895
32840
32695
32519
33576
35608
35400
34008
32824
32247
33240
33976
33800
33272
31815
31271
33608
36616
36536
35400
31719
31623
33256
34920
33224
32792
31111
31559
33240
34760
36328
33992
32119
30407
33256
34376
33688
31687
31639
31431
33768
34376
35224
35080
32183
31831
33528
32904
32055
33480
32535
33960
36024
37209
35672
33256
30935
33672
32615
32471
33224
33512
30775
33416
37449
36680
34520
31879
32808
34472
33432
32391
32776
32279
31767
32503
34872
38361
36696
33512
32904
32183
33816
33688
32695
31911
31687
32551
32103
31575
32167
33304
36072
36616
36120
32519
33224
31815
33160
33160
32679
31959
32279
32071
32103
31655
31767
33368
36889
34728
32311
30391
30055
32423
33720
32471
30887
30887
30311
33000
31943
32471
33384
37385
36568
34584
31719
31591
32039
33336
33928
32439
31095
32695
31399
32007
32535
34120
37529
37209
35352
32167
31623
32407
33160
33304
33144
31399
31303
31799
31607
31575
31063
34568
36296
35656
33432
31367
31959
32792
33240
32007
31719
31783
31511
33032
32695
32407
35656
36905
35672
33112
30919
32199
32936
32888
31031
30919
31063
31703
30743
30935
31687
35496
35432
34152
32567
30743
31415
33224
32423
32039
30983
31895
31719
31287
32343
33080
36120
35624
35032
33112
32135
32551
32231
33352
32647
31575
31559
31815
30791
32984
35352
35560
32663
31847
31063
32167
32567
32279
33432
31159
32087
31511
32952
36280
35304
34072
33640
32551
32327
33080
33048
32423
31527
32647
31623
33048
35864
36328
34232
32151
30423
32567
34248
32599
31463
31783
31687
31687
33016
34264
36200
34904
31175
31383
32327
32920
33080
33224
32135
32231
31815
33208
35784
35400
32808
31783
32279
32856
32183
31991
31511
31527
31815
34408
35160
36568
34376
32439
31239
32695
33240
33688
32439
32199
31623
33176
36104
35720
34824
32968
31719
32407
34360
33032
33096
32551
32135
33656
34648
35864
34760
33192
32327
33048
33736
33256
33064
31223
32135
35272
35880
35544
33624
31239
31047
33560
32519
32167
32135
31911
33144
36104
38201
35816
32327
30807
32007
34264
34360
32583
