35384
35032
32968
32055
30023
32711
35144
36840
34568
33320
30727
31527
34776
33720
31895
30871
31495
33304
33064
33272
33880
34024
37417
34968
32311
30359
32904
34248
33224
32167
31511
32231
33240
32007
30935
32519
35432
36408
34872
32615
30567
32167
31655
33928
33032
30967
30087
31879
33160
33832
35640
34776
32679
31303
31095
33000
32936
33848
32343
31495
31543
31895
34264
33336
36264
36040
35496
32663
31127
31703
32808
34200
32039
33256
32391
33896
33544
34184
34872
37081
34600
32647
30695
33176
34744
32968
31799
32167
31623
32535
33048
32679
31143
34568
37017
35512
32391
31271
31159
32071
34440
32039
32984
32263
31687
31063
33768
34504
34248
34440
33352
31127
31687
31399
32487
32311
30823
30999
32199
33192
31575
33416
35640
37433
35000
31383
30519
32711
33800
34232
32840
32711
31655
31015
33160
34488
35608
35896
34280
32535
33032
33704
33544
32615
33176
33128
32343
31767
31623
32231
37193
36889
34344
32343
28903
31575
34904
33336
32840
33304
32023
30391
30727
34376
35400
37417
33944
30487
31079
31543
33480
33672
32151
30791
31319
32087
36152
35912
36104
34232
33480
31463
33240
34360
33176
32872
32968
31831
31063
32856
33512
35688
36248
35256
32263
31703
32776
34616
34952
32840
32984
32567
31559
32071
33288
34984
35896
35544
32535
32920
31719
33320
34184
32135
31143
30775
31159
34456
31879
34984
36440
35672
33880
30583
31047
32952
32984
32695
30887
31447
31255
32487
37865
37577
33512
30679
31447
33112
33864
34296
32856
31783
30407
31543
34568
36280
35880
34136
32439
31495
33240
33416
33976
31911
31815
33096
31639
32872
37577
36344
32647
31367
32872
31975
33720
33048
32455
31047
32215
31687
34264
35464
34856
34616
31511
30791
32535
33416
33336
31159
31431
32599
32535
32327
35080
36344
32984
29591
30391
33352
33368
31335
31287
31911
32455
32583
35800
35576
34600
32519
31367
32519
33880
33880
29591
32247
31319
32551
33704
36905
35752
34664
32359
31415
33976
34104
32904
32872
30743
30983
32263
32295
35784
36584
36120
30935
31687
32135
34168
32567
31399
34040
31335
32103
32279
35176
33816
34488
33608
31895
31239
33512
32231
31975
32231
33160
30951
31719
32007
34296
33752
34632
31575
29671
31831
31847
33064
32711
30007
31911
31255
35112
35832
35400
33704
32167
30263
33096
34168
34360
32936
31831
31927
31623
35640
35384
35240
33576
32663
30823
33512
35048
33544
32279
30775
32215
32936
36232
35416
33928
31239
31191
32199
33848
33384
32776
31975
32135
32888
35016
34344
31703
31815
31431
33512
32824
33464
32215
33304
30743
32984
35208
33944
32904
33128
31655
32615
32263
32439
33368
32776
33752
35912
34792
31623
31463
31927
33832
32952
31927
32776
32151
33800
35368
35512
34104
31703
32840
34392
34920
31767
31495
32407
34104
34712
34376
34136
32471
30919
33752
33512
33608
33096
33448
31591
30631
34216
35224
35752
34136
31895
33032
32055
31687
33352
32663
31047
31911
32711
32007
31959
32327
32407
30887
32583
32007
34184
34952
34760
34360
33848
32391
33048
32343
32663
31959
33080
31703
33832
31847
30823
31975
32343
32904
32535
34168
34728
33928
31399
31639
31335
33704
32551
31031
32343
32135
31767
32023
31271
31623
32343
33064
32776
32776
34024
33928
33512
33320
32711
33224
32840
32343
31943
33592
32776
30503
31111
33880
33464
32167
32407
31831
32311
34872
35560
34040
32247
32279
31783
32135
32455
34648
32407
32311
31271
33224
33384
33176
31911
30951
32952
35768
34056
32519
32295
32487
33608
34760
32279
32295
31655
32583
32327
32776
32359
31687
33464
34088
31895
32039
32615
32824
33320
32856
32711
32327
32263
31447
31975
32535
34632
37001
34040
33576
31607
33320
33752
36056
33416
32343
31431
32792
33848
34920
36120
32952
33448
32615
33672
32808
32936
33096
32471
32487
33352
33256
32567
36120
34760
33112
32439
33112
33576
34120
33752
33672
32535
31975
33512
35592
35064
34488
33896
31399
32183
33608
33736
34136
31671
31191
31335
34968
33736
34760
31623
29639
32055
32984
33112
31959
33016
31127
31623
35032
37593
34856
31815
30343
33672
33624
32615
33864
32519
31815
34392
36216
36905
34072
33560
32295
33256
34376
34552
33816
33064
32247
35144
36264
36280
36056
32679
32231
32872
34984
36120
31143
31831
33336
32824
34072
36360
36840
35800
31015
32151
33992
34648
34696
32423
32167
31383
31831
33768
32375
35320
35304
35736
33032
32615
33112
33160
33032
32824
34728
31399
31255
32503
35544
36344
34200
31175
30551
33112
33816
33352
32487
31175
31287
32007
35864
37465
35896
31143
32439
33496
33752
34824
33416
32599
32151
32551
34216
37945
36280
32599
31543
32551
35128
33720
33800
31079
32135
32663
34280
36696
36680
32872
31143
31927
33608
33864
34344
31047
31047
31911
34328
36712
36472
33416
31687
30151
31591
34744
32455
33064
31735
30727
33048
37225
36664
33176
31495
32647
32856
33864
33800
32551
32455
30999
31319
31127
33224
33960
34696
35352
31687
31367
31063
31767
32519
32904
31879
30983
30151
31143
33384
35752
33640
29735
29831
31959
32647
32840
31015
31495
30215
31591
32135
33864
34920
34536
32087
31047
31079
32840
33000
31111
31191
32824
30727
33000
34744
34696
32231
30807
31719
31399
32936
32920
31623
32311
32503
32487
32952
34360
34760
34840
32151
31527
32936
33320
33208
31239
31879
32167
32423
33640
34568
33816
33160
33608
33576
33432
33272
33096
33864
34520
31255
31255
32599
34344
34792
35864
33304
30615
32471
33672
34904
33752
31815
32007
31143
31959
31799
35464
34280
33608
32055
31559
33688
32439
32792
33496
31143
32279
32247
35800
36664
34472
33320
31783
31431
34152
32856
32840
31623
33432
32487
33224
36328
35480
35032
32551
31303
33672
33320
33880
32872
32135
31927
32920
33112
35496
35464
33544
32439
31927
33160
33944
33480
33960
32583
31063
30887
32391
34440
35352
35256
33096
33592
32183
31063
33160
32535
30295
30983
31367
32856
33048
33480
35848
32167
31847
31447
33752
32936
33080
33496
32407
30535
31559
32952
34200
36648
34728
32263
31879
33464
32583
32647
33848
33224
32263
31943
32503
34008
31719
34600
36328
35048
33464
31783
32856
33672
34200
32808
33096
31975
32279
32215
33432
32327
34664
36456
35416
32808
32904
31783
32151
33368
32776
32535
31671
31415
33256
31655
33288
34920
34200
32856
27126
22533
22629
22677
21605
18676
21509
30919
36104
35208
32599
31431
32695
34872
33960
34360
31047
32776
32567
33640
31175
32343
33064
32295
31111
33256
34952
35976
34744
32359
33176
33752
32119
32647
34120
32535
30903
33384
31703
32856
33080
35464
34632
33944
31911
32343
34632
34072
31911
31239
32263
31943
34104
33880
35144
36392
33224
30919
30743
33576
33368
33624
33608
32439
32007
33336
35736
36873
32087
31783
32087
33384
33192
33192
31815
33384
32311
34216
37209
35608
34280
30983
33544
33208
34632
33080
32904
32840
32936
34024
36184
36504
34280
32840
31703
32872
35160
34360
32792
31463
31927
35112
36248
35864
33464
32535
32904
32952
34184
33000
31991
32151
32327
31399
33384
35800
35848
34024
32231
32007
31895
33096
34392
33640
32583
31399
31751
31175
32327
35592
35912
33928
30295
30775
32551
33544
33944
33032
30679
32599
31623
33096
34856
35048
32679
30247
30807
31191
33880
32343
32952
32487
31543
31687
33496
35096
35272
31847
32311
31287
33128
33496
32055
32279
31143
31335
33448
36792
33240
32968
31159
34072
34200
33672
31671
30823
29959
33000
35400
35976
33928
32231
32087
32551
33816
34568
31543
31831
32952
34184
35240
34904
33544
31783
32952
33592
33368
32055
33544
32183
