32487
31383
32183
32968
31959
32231
30935
32295
32776
36248
36696
35384
32343
32455
35048
35496
33976
32551
32407
32119
31943
33336
32391
34792
35432
33960
36248
34760
32856
32039
33368
34040
33704
32711
30231
30615
33032
33192
33000
30999
33048
34520
34920
33288
31255
30951
31751
32952
33704
31719
29575
32039
32135
33240
35896
34312
32936
31879
32711
33592
34264
32840
30919
33704
31511
31255
32679
37193
36168
32359
31559
32071
32567
33464
31975
33800
33704
31719
33160
33048
34824
34984
34280
33192
31575
33240
32904
34296
33112
31159
31303
32391
31879
32904
32391
34696
34376
32856
32311
30247
32295
33208
33000
31383
31799
32808
31527
31879
32103
33960
34504
32167
31431
32327
33464
33288
32792
32583
32856
32535
32455
33800
36248
35912
33320
31687
32215
33640
32007
31703
32776
33000
32119
30823
32039
36152
36232
34632
33288
32071
33400
34360
33336
33304
31959
32295
31559
34872
36889
35160
33624
30487
30615
32343
34184
32423
32311
31207
30919
33976
36824
34920
33960
31543
33448
33160
33960
32599
32263
32055
32295
33288
35144
35768
36312
33544
31751
33096
34744
33480
31575
31895
32695
32599
34744
37049
37033
32359
33000
32359
32087
34232
32840
34216
31831
31415
32679
32936
34872
38409
35144
33704
32199
33192
34440
33064
31751
32936
32455
33096
31415
31831
34936
36696
35336
32087
31623
31831
32984
32487
32776
31767
33496
31719
29527
31639
35864
35768
35208
32071
30855
31799
33352
34280
32663
32167
33352
30935
32647
31607
33800
35704
36696
34296
31751
32936
33304
34248
33560
30375
31591
32615
32055
32359
34920
35160
34136
33512
31543
32792
31879
33096
31319
32519
32679
33320
28566
31191
33096
35096
35656
31767
30967
30695
32984
32119
32904
31111
31495
31255
31911
32535
34824
34648
35896
32984
30775
31591
33192
32215
32183
33192
33096
32007
33944
35512
34040
34456
33464
32135
32407
33096
31495
32215
31751
32615
31847
34440
34216
35304
34712
32311
31623
32167
33384
32792
31639
32439
32407
32615
34632
35272
33512
32071
32167
31191
31703
32615
30615
32103
33976
34056
35080
33944
32904
33224
32535
33112
33752
33592
32407
33704
34392
35896
34440
33208
31959
33496
34136
32808
31159
31543
33096
35208
37913
36248
32007
31271
32856
33496
34328
33112
32808
32471
33128
32936
30855
33048
34888
37097
37385
34712
33112
33432
33592
34744
32695
32311
32711
33864
33160
32055
31255
32695
32936
34408
31639
32679
36056
37529
35800
34536
31623
31463
34952
34856
32295
30487
31815
32583
32599
32103
32087
32295
32599
31383
34568
38313
35592
33816
31559
31815
32599
34680
34408
32135
30983
31559
31559
33240
31079
30695
31959
32135
32439
32647
36792
36840
34328
32231
31543
32792
34056
32808
32792
31847
32391
31207
33560
33896
32519
31447
30567
32199
37417
36248
34856
33288
32663
31751
33112
33960
33784
32904
31271
31255
32279
32487
30951
30407
31319
31495
32615
34504
34984
35016
32792
31303
31847
32327
34696
32455
31815
31223
32183
32679
32423
32151
32151
34120
34488
34504
34456
32343
31447
31623
32503
32647
33048
33464
31623
30439
32263
32103
33080
33720
33288
33080
32711
32327
32311
33256
33128
31383
31287
31511
31399
31911
31783
32936
34680
33704
31783
30215
31415
31431
31527
33288
32135
31143
31815
31847
33560
35208
33992
32311
30759
32071
32968
33160
32455
32151
33256
31591
32920
35288
35384
33384
33720
30855
33880
32824
32343
31559
31463
32039
35208
34584
34888
31303
31959
32055
33880
32599
33320
31975
32151
32872
34344
35016
33800
32840
31255
32455
33480
34392
33048
30519
31751
34392
35400
33864
32407
30631
33416
33512
33080
32327
33064
32824
32007
34312
33176
32808
30871
33000
31895
33992
34280
32167
32423
33032
33672
34840
34664
32952
30999
32439
33240
34376
32343
31927
33224
31911
33992
36200
34216
33000
30903
32936
33704
31975
33256
32936
31719
33288
35048
34472
32231
31895
32840
34664
33320
33192
32199
32679
33432
34728
34856
33944
33064
31895
33256
33816
33832
32055
31655
32455
34904
36616
35496
31303
31095
32023
35688
32679
32936
32151
32952
34424
36504
34760
32263
31943
34248
33352
34152
32199
31559
33720
35544
38089
35400
34488
32343
33544
33432
35128
33304
32535
31191
33480
36873
37817
35688
32471
31815
33208
34392
34280
32183
32231
31703
31271
33560
36072
36568
35304
33304
30903
31719
33064
32952
32663
32183
32439
32167
32695
32503
32103
32487
36056
36953
35544
31975
32183
32039
32343
33624
32231
31831
31511
32439
31943
32808
32055
31911
34728
36760
37689
32535
31703
32199
33576
33464
33144
31847
31895
30983
32407
31847
32776
32007
32183
33928
37001
36873
34744
30903
32551
33336
33080
32695
32711
31527
32695
32968
32151
31815
31127
31895
32792
31943
33928
36104
34232
34824
32039
32920
33880
33192
33176
32599
32952
32792
31671
32391
31143
32167
32295
33624
31303
32183
34136
37225
36873
34760
31975
31623
33848
34088
35240
33256
31895
31879
33224
32439
32615
32407
31783
31799
33192
33240
33608
36408
34392
33688
32183
30903
32711
33400
32647
32695
32151
30279
31319
32776
33128
32920
32039
31143
30359
33544
37001
36873
34888
30759
30791
31639
34568
33208
32263
31543
32487
32615
32551
33416
33736
31831
30055
33464
37257
36760
34424
32695
32487
32647
32711
31463
33304
31591
31879
33432
31383
33880
32487
32327
34840
36360
35496
32872
31799
30727
31927
33096
32808
32439
30279
31895
32776
32295
31303
32263
35112
37593
35896
32535
32824
32103
33176
33384
31335
31399
33976
31815
31303
31687
33912
33816
35416
36792
34584
32007
31959
33720
33800
33048
32039
33528
32519
31959
31271
32535
33256
34264
35352
36456
34248
33672
30567
32295
34152
33624
33528
31799
29863
32407
31367
32423
34904
35304
34312
32776
33080
32471
30471
34568
32471
31367
31303
30407
31783
31319
33752
36552
34648
34280
32391
32904
32167
33816
33848
34984
31079
32535
32695
31831
32327
36184
36616
35480
34344
31591
32583
33480
33592
33208
32695
32487
31415
32103
32920
34872
37465
36536
32487
31591
33496
33896
34520
32407
32231
31095
32231
32023
31463
32808
36264
36616
34136
32471
29975
30807
33544
32920
32359
30551
32295
32167
32231
33992
37289
36408
32455
30663
32391
34632
33544
32039
31975
32407
32023
33448
32519
34056
36824
38169
34792
32023
30519
33960
34056
34152
32711
32231
31671
32567
33768
32792
33896
37641
35464
32904
32840
30359
33288
34104
32343
31591
31431
31495
32663
31991
32327
36200
36504
34840
31511
31143
32295
33288
32615
31559
32183
30791
31639
32647
33864
35032
36168
35512
32311
31191
32263
32872
33000
32952
31287
32215
32920
31271
33160
37705
36536
34136
30791
32167
32792
33432
32904
33624
30631
31191
32936
32599
35064
37689
35912
33608
31303
31447
34200
34024
32679
32567
31879
29879
33688
32984
33224
35560
36232
33208
30967
30807
32551
34744
32792
30903
30695
31383
32551
35176
35528
35384
34200
30999
31463
32231
35368
32663
30103
31511
30631
32039
34520
35848
35384
33736
33992
31799
33096
32824
33032
32135
32551
33592
33640
34760
34856
35624
33256
33208
32215
32663
33976
34264
32439
32135
31751
33768
35496
35896
35464
32615
31287
32808
32407
33736
33736
31575
30743
32215
32279
35624
35256
35080
32151
31623
31063
31319
32151
32263
31175
30679
32279
34664
36824
36232
33000
32407
31431
32872
34008
33112
32872
30999
31415
33176
35640
35880
35064
34520
32599
31927
32455
32647
33128
31655
32263
31815
34424
35800
35816
34344
32792
32135
31783
33384
34184
33560
31063
30951
32327
34968
37129
35304
31655
30455
30455
