33720
33336
32423
30887
31767
34728
35992
34536
33816
33032
32343
32920
31959
33704
33064
32231
31143
32199
36616
36953
35544
33064
32487
32055
33160
35288
33016
32295
31159
31671
32295
32856
35336
36937
35752
32711
30503
32519
33608
33800
31239
32119
31447
31463
31799
32439
34472
35336
33768
31975
31047
33080
33048
32359
32776
31367
30135
31303
33960
37529
36056
33864
31719
30903
32920
33880
33800
33128
32647
33512
33160
34264
36953
37353
32968
34856
34360
33368
33496
31671
31975
32151
31799
32856
35592
35480
32407
31767
31335
32183
33736
32583
31031
31447
31383
32968
35224
34536
33128
29863
31463
32808
32663
32679
32263
32439
32247
35560
35544
34712
32359
31335
32856
32599
33144
33432
33976
32407
34776
36424
34520
33944
32872
30567
32295
33224
32583
33048
32167
32567
34520
36152
33768
31671
30743
33080
34248
32567
31079
32423
32071
35112
34568
32904
33384
32487
32695
33032
34568
33544
31911
30887
33416
35672
34408
31543
31415
31223
31975
33128
32279
31543
31319
32808
34456
35336
32663
32647
33464
33368
32872
33336
32519
32551
32904
33736
35288
34504
35080
33256
33240
32808
33688
35080
33144
31911
32151
33096
35928
35864
33208
33048
31959
32824
33512
33288
32311
33240
32359
32904
33480
33640
32567
30887
31111
32968
33384
32151
30663
31047
33384
35224
33800
32535
30631
31463
33496
32295
31623
32183
31815
34248
36168
35144
31319
31783
33064
35144
33944
32599
31927
32519
34584
35288
34136
32311
32295
33480
32423
32920
33240
33896
32904
32071
34312
34472
34344
33096
32087
30631
32535
32856
33064
31495
31175
31783
34776
33384
33880
32311
31415
30919
32263
32327
31047
32327
31671
32968
34456
34216
31751
31479
31063
32103
33576
32039
31927
31751
34696
35224
34456
33320
33448
33192
33448
32695
33160
33176
33192
35896
35032
35928
32423
33064
32359
33640
33816
33224
34056
34568
35000
34872
34872
33528
33048
32407
31831
31383
32808
31431
30903
33032
33880
34728
33592
33416
31799
31207
31719
33432
33048
31895
31335
32439
34344
34600
33816
33800
31495
32231
32599
33832
33768
32503
31703
31911
35352
37817
34920
33112
31271
34248
33560
33720
32583
33672
32583
31943
33256
35848
36040
33288
33592
31815
33288
33800
33624
31959
32167
32023
33624
32519
32824
37017
36168
34344
32343
31815
32808
35112
34104
31959
31847
33176
32423
32984
34984
36328
35640
34184
32856
31911
33560
34248
32599
33032
31783
32039
32567
33960
33560
31847
35128
35112
34696
29479
32407
32567
32920
32439
31159
31399
32263
31927
32327
34280
34632
35384
33096
33976
32904
31927
32695
34376
32215
31383
32199
32936
34440
31415
32215
34856
36312
33784
32231
31559
33512
34152
34504
33336
30919
31479
32920
32888
33128
33496
36232
35624
33832
31911
32808
32487
32920
33944
32519
30791
31911
31959
32439
32263
32279
35496
35768
36312
30343
29991
32487
34104
34136
31767
31575
33352
31287
33512
32615
33928
35144
34520
33960
34184
31607
34152
32647
32872
33496
32279
32808
34088
31927
32071
33560
34968
36520
33272
32776
33432
32711
34184
33752
32103
32023
33704
33368
32856
31255
32615
35640
35640
35240
31559
32247
34248
33176
33192
33608
32984
31111
31975
32055
32071
34456
35400
36552
33960
30727
32103
32535
33352
32952
32215
32199
32135
32071
32631
31751
34136
34264
35720
32263
31447
32311
31639
33160
32631
33160
31383
32343
34168
31943
31735
33736
37097
33352
32055
32423
32471
31927
34152
33192
32423
32551
32856
32423
31991
33736
35528
35416
33416
34072
31239
33128
33896
33032
33016
32167
32503
32904
32343
33224
33368
33944
35352
37529
33720
31559
32487
33640
34040
33160
32984
31991
32808
32679
32167
33048
34008
33304
36504
35640
32679
30759
32039
34200
32263
31031
31143
32359
32151
32167
31527
31191
34120
36808
34216
31719
31399
32535
33848
33800
32824
32968
33640
31847
32343
32808
33064
34056
35080
36536
33320
30663
32535
33992
33592
33832
32936
33336
32071
33672
32279
32551
31847
33672
35768
36344
34888
31447
32423
33672
33752
32936
33352
31783
32984
32087
31959
31127
32567
34728
35352
34552
30871
30663
33448
33976
33352
31927
30471
31479
31959
32391
33096
34872
36648
33720
31447
30823
33304
35640
33432
32519
31687
31207
32231
33800
35480
35416
34104
32567
32087
32071
31831
31191
32343
32471
32711
32055
33704
33608
36536
35976
33528
30391
32711
33848
34440
33208
31239
32103
31111
33000
33288
34584
37513
34760
34392
32183
32984
33992
33704
30983
31255
31639
32920
32567
32551
31943
31879
31927
31079
32647
32535
35576
38009
37225
34872
32103
31079
33368
32039
32487
33544
31415
31159
31127
32599
32984
32679
31799
32151
31943
31303
34328
36168
36440
35576
33896
32199
33080
33880
33672
32840
31159
32808
31623
31431
32583
31271
31207
31911
32439
34008
36536
36632
34968
32663
32199
33048
32808
34264
31079
32007
33320
33032
32776
31943
32679
33192
32663
31703
35592
37161
35864
32840
31527
32663
32824
34200
31943
34712
32391
30599
32343
32103
33080
33192
31287
33336
35592
36136
33896
32615
31591
32039
33464
33992
33192
31591
30951
31287
33224
32391
31911
31735
35512
34840
34360
31767
30727
31319
32215
33096
33336
33336
30871
30983
31767
32327
33944
36456
35000
32151
30791
32391
33240
33608
33368
31431
30887
31671
32679
32055
33368
34104
34728
34360
32391
32231
33944
33320
32471
32920
32792
29287
32519
33112
33352
34632
34248
33256
30695
33064
33096
33960
32824
32695
32087
31671
31575
32103
34776
34728
34248
31767
32087
32583
33384
33000
32215
32824
31719
33224
31911
33384
35496
35112
32183
32407
31207
32439
32199
32471
33416
33240
31847
33352
35592
35496
33864
31031
31687
33096
34568
33560
31255
31127
32359
32711
35784
35304
33192
31831
31319
32263
32792
32535
32423
32263
32327
33352
35560
37017
34408
32567
32872
33432
33224
34408
33064
31927
31303
32071
34696
32519
30999
33720
36616
36072
33224
32199
32567
33096
33224
32984
32872
31655
31079
31543
32599
33816
33720
31975
31719
32359
33544
34472
36056
35336
34280
31591
32776
34088
34744
32792
32311
31559
32471
32968
33768
31319
30775
32199
33224
31335
32599
35336
34376
32984
31495
31943
32295
33032
34104
30999
29543
32439
31911
33224
32792
31367
31207
34424
36456
35624
32167
31879
33624
33608
33816
31975
32423
32039
32503
32551
32055
32327
32872
33688
35848
36969
34408
31911
32359
33352
33240
33736
33128
32920
31671
32711
32007
32567
34440
32631
32103
35048
35816
34920
32231
33688
33480
32151
32151
32679
32711
32936
32215
32535
31495
31751
32055
34056
35944
34936
33432
31463
30631
32215
32615
33016
32567
30983
32039
32583
30935
31943
32519
32535
33864
34952
33944
31831
30727
34536
33896
32808
31063
31303
32167
34648
33832
30823
31623
34968
35912
35096
32439
32599
32487
32071
33480
33448
32583
32279
33032
31207
32359
33960
34120
35368
36280
33768
30199
33304
34120
33064
31175
32455
32279
31991
32231
31815
31943
36120
34536
34200
31175
31111
33336
33848
32776
32343
31479
32167
32023
33960
34584
33704
30871
32199
32423
33096
33864
31239
31191
30407
33464
35480
35304
34360
32087
32936
33736
34040
31831
33208
33000
33128
33912
37017
36168
35176
32039
32872
33544
33944
33416
33384
32423
32023
33096
36808
36664
36056
33992
32055
31447
34744
34072
31751
32103
32135
32135
33688
32904
31751
30791
35048
37433
36873
32599
32599
34728
34376
31511
25382
26982
30423
35496
34504
34664
34520
34328
35400
34120
28967
25686
28358
32327
33192
34728
33960
34376
34776
32808
33544
34312
35848
36408
34952
