31559
33240
33752
38121
37945
34024
31559
31911
33720
33416
33224
32183
30999
31367
32359
32231
32920
31319
35368
38457
36937
32663
31463
32007
33512
33464
32311
31463
31383
30999
31271
32695
33048
32599
32695
35784
37081
35384
32503
31655
31879
32936
32359
32808
31847
31271
30983
32423
32567
34904
36792
34744
32391
31367
31671
33720
33544
32519
31527
31879
32391
32343
32423
36953
36184
34008
32263
32135
31783
33816
32199
33800
30935
31239
31911
35128
36712
36136
33496
31367
31719
31879
33320
33752
31879
32247
31671
32695
32231
36264
35672
34616
32487
30727
32311
34200
34136
32487
31719
31975
32007
32679
35512
37481
34072
31303
31495
32295
33448
33672
32215
31639
32023
33320
36392
37465
35032
31319
30903
32808
33096
33256
32135
32359
32199
32984
35240
37385
34616
32439
32231
32199
33976
32695
31799
32968
31159
34056
37017
36312
33224
31591
31767
32567
33608
32151
31831
31287
33688
36376
35720
33576
31927
31383
32776
33608
32599
32167
31575
33448
36584
36840
34312
32327
30807
32663
34184
34504
32663
30983
31015
33048
37417
38313
35288
31815
31495
32391
34632
33656
31143
31687
32599
32151
31959
31879
31895
35800
38073
37577
33272
31159
32359
33736
33704
33160
31703
32183
30599
31159
33080
32327
32135
31575
32968
35784
37737
36504
32167
29911
32535
33096
33256
32583
30615
30983
31303
31399
32199
32007
31735
33336
35688
36632
33944
32439
30935
33112
33832
32455
32567
29783
31191
32599
32359
32039
32007
33560
36152
37721
35192
32183
30903
32023
34008
33752
32471
31463
32519
31975
31975
32215
31159
33256
34232
36296
36392
33640
31671
31175
32984
34792
33768
31623
31207
31799
31991
32311
32023
31991
34728
36360
35496
31943
31047
31815
33544
33160
32567
30343
32135
32936
33752
33160
31383
31879
31927
32407
31943
31831
32183
32599
30919
32055
32519
31287
33832
36680
37977
36008
34904
32792
32279
33384
33560
33464
32840
31575
32231
32311
33496
35256
36712
35304
32039
30983
32984
34088
33320
33832
32808
32295
32231
31767
34344
35624
34888
34152
32711
31959
32856
34216
33128
32856
32039
31367
31991
34472
37337
36488
33560
31303
31543
33704
35240
32455
32711
32856
31191
32423
36024
39129
37097
34280
31831
31751
33560
34232
33384
31847
32487
33240
33016
31927
35352
37833
38041
33560
32359
33656
33128
33848
33944
31271
31927
32583
33592
33384
32231
33336
35272
37945
37161
33960
30935
32471
33608
33800
31063
32151
30375
31303
31959
31895
31751
31815
34696
37097
34984
33288
32455
32247
32968
32135
31847
33864
31591
33128
35976
34392
32439
30823
32151
32711
32359
31799
31335
31559
31063
30807
31319
32359
32968
31399
31255
31063
33048
38089
39001
37161
34648
32792
32808
33000
33768
32856
32583
31271
32343
32007
31319
31447
32183
33016
35800
37481
34856
32567
30151
32679
32840
33816
32039
32407
31495
31703
31463
31847
33336
31927
31927
34568
36440
34968
32551
31111
31511
32615
33224
32343
31367
30471
32503
32007
31015
32551
32631
34952
35336
36056
33896
30759
31255
33112
33656
32279
31639
32551
31207
32023
32343
32263
33176
34984
36616
34920
32151
31911
32311
33624
34312
31815
30791
30791
32599
32503
32199
33512
35592
36344
33928
31959
32808
31927
32071
33256
32359
31271
31623
31367
30823
35000
36104
35672
34248
32135
31095
32872
33528
33688
32295
31495
31383
30999
32968
34760
36472
36840
34552
32087
31447
32872
33480
32968
31799
32519
32023
31959
31543
34504
36520
37177
33640
32792
32856
32167
33432
32663
32343
31703
30951
31175
31927
33080
36040
37081
34152
31239
30631
31703
33384
32792
31559
32423
31431
30919
32808
36344
36520
34536
32471
31303
33048
33992
32936
32904
30647
34040
33512
34504
36937
35672
33848
31415
32519
33080
33800
33512
32199
31143
31463
33816
35560
37449
35368
32535
31911
32119
33608
35112
33800
31415
30983
32119
34392
35528
35720
34488
32647
32007
32695
32936
33528
31655
30823
30855
31975
34744
36328
36040
33448
31415
31143
33112
33384
32647
32567
31655
30887
33384
35768
37161
35880
34024
31767
31847
32551
34216
31511
32087
32391
32792
31527
34504
37097
36760
33160
31495
32295
33480
33160
33224
31367
32023
31255
32551
32087
32567
35912
36056
34120
31655
31015
32808
34344
32391
32952
30039
30775
30759
32824
31767
32215
34760
34584
32840
31303
30759
32535
32776
32151
31127
30375
32183
32247
32519
32183
34536
35928
35512
33240
31991
32087
33384
32279
32087
31975
31527
32215
32279
32599
33384
35432
35656
33768
32135
32391
32423
35000
33128
32199
31687
33160
32615
32199
35000
35416
34696
32183
31303
33352
34392
33912
32487
32151
31383
32263
32391
34280
35144
35080
33128
32439
31543
32808
33064
32824
31399
32023
31767
32135
33800
35768
34872
31671
30999
32167
33464
32776
32936
31655
31159
31511
34696
36921
36232
32792
31639
32231
33448
34856
32343
32183
31639
31895
34920
35544
35080
33512
31783
33048
33832
33464
31719
32151
31671
32007
35000
36168
34568
32872
31495
33240
33448
33192
32311
30935
31863
32808
35416
36921
34776
32391
32055
33256
33640
33800
33112
31399
30679
34504
36905
36456
33240
31047
31447
32936
33256
33160
33704
31655
31623
33112
38313
36424
33064
31767
32615
34056
34152
31927
31799
32583
32343
32519
33848
36232
35672
33464
31175
31287
33608
33704
32920
31831
31111
32471
31751
34088
36312
36120
34104
31927
31815
32968
33816
33064
32423
31287
33640
32439
31943
32647
36152
37145
34888
32968
32231
32343
33816
32567
33160
31335
32792
33496
32087
32055
32391
35352
36696
33672
32007
31671
32856
34248
34648
32391
30775
31239
32487
32776
31879
32952
34760
35656
34008
31335
31015
31719
34056
33304
31527
32776
30615
31351
32471
33560
34728
35464
35624
33352
31655
31431
34408
33800
32487
31639
32920
33224
32727
32776
36232
39273
36120
33480
31159
32087
31879
31959
28871
30807
31943
33336
32936
31783
33064
36568
35160
33672
31719
31927
33352
34136
34776
33224
33112
30375
31239
35352
35640
34104
33048
31703
33304
34344
34008
33496
32503
31047
31975
33160
36680
37257
34632
32407
32583
31895
33720
32583
32279
30919
30663
32215
33432
36168
37065
34344
32519
32311
32888
34616
34200
33064
32247
32007
33416
34376
35752
35528
33976
34344
32904
33224
33256
32968
32231
31831
30247
30743
31447
35576
37929
35048
31927
31303
31815
33640
32439
32583
31239
30807
30903
33560
36808
36328
32968
30023
31751
33464
32792
31335
30999
31543
31895
30983
35208
36344
36937
34952
32776
31703
33416
34968
35048
32551
31335
31543
31447
34728
37705
35272
32327
31287
32872
32711
33256
34440
33624
32359
32263
32231
31431
35848
35464
33576
33624
32872
33160
32984
32343
30103
30839
29383
29623
30215
34328
36696
35208
31879
30119
32183
33320
34456
34120
32856
32439
33608
32279
34840
36953
36728
33672
32391
32519
34264
35256
32215
31847
32583
32776
32503
33944
35160
36264
35496
32167
29847
30935
34712
35848
33192
32279
31623
33112
31911
34216
35944
34088
32792
31271
31287
31671
31767
31223
30087
29623
32295
35368
39305
35368
32679
30919
31383
32551
33592
31783
30839
31575
32567
31911
32295
36040
38441
36296
32023
31751
32151
34152
34072
31879
30871
31399
33112
34136
37641
35000
33816
32071
31895
32455
33304
34728
35128
31591
30663
30967
33784
37081
35416
31783
29095
29895
31831
32343
32904
33592
31639
32391
33672
35000
35608
36120
33096
31495
31191
31239
31111
29943
29511
32776
36680
37225
36504
35240
33240
31767
33672
33512
33992
34120
31255
30055
32455
33992
35752
34968
32567
29783
30791
31703
