34136
37897
34728
33640
32423
33736
34488
33816
32776
31015
33032
30983
33192
33800
35576
36232
35368
33064
32023
34280
33176
33704
32231
32231
32439
32615
33496
32151
33048
35480
35368
33688
31959
32039
32423
33336
32535
31383
29911
31191
31447
32519
34280
36616
34312
31959
31063
31687
32583
33672
31239
31447
31719
32135
31815
32984
35912
34904
34232
32151
31383
34792
33048
33832
32183
32679
31799
30983
32679
33928
36440
35512
34568
32359
31463
33368
34280
32487
31959
30935
33592
32439
33544
35608
35688
34216
32792
31991
32071
34040
32551
32311
32183
31639
32071
31463
32551
33624
36344
34280
30935
29527
31175
33240
33528
32647
31287
32776
32471
33224
33848
34920
36024
34344
32647
31783
32808
33816
32984
33208
32311
31607
30663
33368
36937
36424
35224
32023
32023
33128
33608
34504
32824
31511
31383
31879
32679
35000
35288
34472
32343
31255
31847
31719
31239
31719
31895
31159
30423
32647
35464
35752
34072
30343
29319
33256
34840
33560
32391
31959
31719
32439
35208
36552
34904
33608
33224
31543
33704
33992
33960
32327
31447
31527
31655
33048
36264
35432
34488
31671
33336
33704
34008
33384
31687
31495
31751
31975
33912
37145
35800
33320
31895
32487
32423
33224
32231
32455
30951
31447
31127
33704
34392
35048
33288
31239
30743
31783
34760
33896
30727
31063
31399
32071
33304
34504
34632
33928
32792
31255
32135
34024
32776
35144
31959
31911
31655
33480
35816
36552
34136
31895
30935
33704
33208
34648
32535
32023
32599
34840
37625
34472
33512
30631
30663
32151
31799
32856
32279
30439
31383
34136
37273
37657
35288
31879
31415
33448
33208
33224
32279
32840
31719
33624
35928
37193
33672
32439
31399
33048
34760
33192
31543
30695
33112
33496
35560
36296
35544
33736
31831
33096
33080
33544
32407
32391
32071
31063
32343
35464
37449
35560
33832
31639
32407
34264
32872
32535
31271
32631
32183
33608
34312
38009
36584
33016
32183
31575
33256
33080
32679
31271
30871
33304
32567
34184
35816
37065
33304
30615
31655
31975
33352
33208
32503
31495
31815
32647
32984
32263
33640
34536
34584
33704
30663
30775
33112
31815
31671
30343
30455
31127
32023
30679
32295
33624
34072
32103
32551
31591
32135
33128
33080
32135
31767
31575
30935
32039
32103
33384
33848
34440
33976
32599
32215
32311
33688
32776
33064
33224
32375
32824
32952
32599
32872
34600
35016
33256
33032
32215
33304
32439
32023
33448
31623
32920
31815
32727
32183
34504
33944
32663
31447
31559
31783
32231
32519
31511
32183
31719
31639
32824
33560
33944
34392
32888
30695
31319
33336
34328
32808
31767
32359
32343
32087
33800
35128
36280
33576
32679
32183
33816
33704
33848
33032
32824
32407
33144
34520
35784
36248
33624
32183
32503
34376
35848
34536
30903
32167
32311
33288
35816
35016
33624
31303
30279
33368
31959
32263
33032
31287
30727
31655
34232
34824
32936
30727
31783
32840
32039
32936
31623
31575
32295
33752
34792
35432
33800
32487
32343
33896
34184
32535
32647
31383
33000
32263
34392
36472
35208
33976
32920
32567
33752
34024
32407
33944
32391
31703
31783
32231
32263
33208
34232
37945
36024
33800
31447
31271
34488
35032
33944
32535
31303
32263
32711
32071
32583
32247
31719
31367
35160
35848
35736
33608
30791
31495
32263
34008
33288
30903
31495
30951
31831
30967
31623
32856
33992
35160
33480
32071
31655
32920
33368
34104
32920
31671
33048
31671
33000
32904
32167
32279
34728
36712
35208
33208
32167
33352
33560
33544
33368
32792
31975
32872
32487
32968
31799
32567
34968
35624
35976
34856
31671
32856
34360
34408
32663
31079
31847
34344
32904
32952
32087
32343
32407
34856
35256
34536
33160
32695
32039
33192
32007
31959
32535
32439
33128
32423
31703
33448
34840
34008
33240
31255
31463
33576
32151
32711
31207
32391
31815
32359
33960
33864
35896
35496
33368
32679
32840
33592
33176
33624
33624
32135
32135
32039
32984
33960
35544
36024
34344
33048
31671
32327
33608
34264
32423
32039
32423
32087
32455
32151
34024
36024
36024
33672
31895
31799
32695
33800
32471
32295
31575
32215
32327
32679
33752
37545
34456
31799
31063
32135
32263
32567
32359
31847
32455
32359
32279
31143
33624
37273
36520
34328
32663
32471
32856
34264
33336
30391
31463
31431
32423
31943
32872
33016
36280
37737
35000
32327
32984
32888
33816
32856
32359
31879
31127
32279
33448
33176
32904
31783
31815
35528
37977
33800
32071
30215
33176
33080
32407
32599
31511
32103
32295
31655
32423
31799
34008
35352
35544
34824
32151
32455
33192
33448
32599
32343
32215
32391
32471
32856
31575
32920
35688
36328
35096
33592
32679
34136
33016
32792
33080
32039
32583
32535
32407
31703
32263
33112
34712
35848
36248
33608
32872
32103
32840
34824
32695
31767
32551
32071
32087
32087
31991
31623
31623
34824
36728
34728
32936
30727
30983
33112
33080
32952
30919
30983
31879
33112
32039
31879
34728
36232
36072
34440
31223
32343
34120
33416
32487
32055
32647
32183
31815
32055
33384
35288
37689
36392
33160
32279
33000
33224
33480
31671
33176
31431
32872
33128
33304
33672
35864
35272
33608
32119
31543
33320
33544
32423
31159
30967
31687
32776
32055
34472
36504
34136
31511
31319
33000
34024
33448
32471
32391
30951
31895
32215
34184
36584
36937
34440
32391
32135
33608
34488
32952
32023
31607
32327
32055
33064
35144
36376
37097
33464
31895
32327
33112
33720
32711
32407
32695
32199
32071
33352
35096
36424
34696
33704
31687
32551
34520
32599
31991
31255
31463
31431
34264
36120
35848
32952
30407
31575
32792
32231
31671
31159
31655
32327
33288
36152
36200
35368
33048
31255
31815
33832
34616
33560
32039
31799
33224
31959
32679
33368
36168
37545
34216
31799
31383
33768
34024
33544
32311
31175
32055
32327
32487
33192
32599
32407
34696
36568
35944
33448
32487
32055
33752
33288
33128
31991
31447
31687
31111
32167
32327
32567
33672
35480
33576
31815
30983
33160
32375
31879
32776
31687
30743
31463
33016
32407
34056
34728
34920
33000
33224
32920
32824
33320
35016
32359
31255
31415
33128
32023
34264
33800
35512
35272
32984
31799
31511
34200
33432
32215
31959
30647
30823
32824
32647
34616
35416
34232
32039
30919
32872
33896
32599
31143
31255
31511
31831
32567
33992
35080
36008
32695
31063
32215
32920
32535
32808
31559
31415
31831
32343
33160
34792
35848
35048
32984
31751
33336
33736
33704
31959
33304
32391
31783
31751
32295
35384
36824
36120
33576
32984
32583
33352
33080
33192
32151
31639
33336
32840
32423
31895
32792
35208
35848
36168
34072
33288
32615
33928
33848
34760
33848
33080
32776
31959
32311
32808
33064
32151
33256
35400
35432
34008
34216
33096
33480
34600
34872
34440
35256
33768
33304
31735
30279
30103
33304
33928
31719
31079
31079
32215
32471
32407
31687
31655
32936
33128
31495
30567
30103
31255
30359
31559
34088
32936
32439
32519
34712
35848
33608
30855
33752
33544
32776
32263
34472
36680
36248
33544
30919
31415
32327
32695
33368
32519
31319
32039
32023
32824
29911
28598
30999
34856
37945
36456
34760
32920
33288
33384
30343
29879
31015
33768
34568
33208
32583
33976
33352
33304
35592
35592
34072
32663
31575
32952
33496
33832
32231
31383
31783
32519
33320
32583
31591
33560
35416
35592
32407
31575
33192
34328
33816
33192
32792
33928
32872
32840
33048
31927
33928
33432
34104
35368
34376
33432
32663
32167
32183
33848
32679
31175
32183
33560
31943
34984
33896
33512
34360
34120
32199
33608
32471
32519
34520
32215
32695
30279
31911
32039
35368
32023
32023
33240
35096
35304
32711
33224
31415
33240
34472
34504
32183
30935
