32295
32231
33080
32231
33096
36184
36520
34056
32952
32055
31815
34056
34616
32215
33208
31479
33288
31799
31975
33688
35704
36456
31831
30615
31335
33192
32151
33432
32359
31431
31543
31975
33032
35224
34376
32920
30215
32407
32311
32055
31943
32215
32679
32327
31703
34840
36504
35384
33064
31495
32840
33992
32776
32023
30743
30871
30903
33336
35928
35720
34856
32695
32343
32103
33512
33608
33480
32215
29591
32055
31447
32551
36552
35224
32327
33592
34056
32391
31879
33032
33672
31431
31063
32135
34712
36104
35624
31959
30679
32135
31511
33704
33640
32199
30151
31943
32359
33384
34856
37049
35144
32279
31047
32583
34552
32583
31991
32615
32023
33640
34200
35608
35032
34952
32776
31975
32471
32792
32679
32055
32103
32343
31143
34440
34248
38025
35224
30871
30423
32071
33016
33096
32199
31591
31783
32199
32151
33784
35656
33928
31255
29927
30055
34456
33048
30247
31527
31047
31543
33832
34632
34344
30391
30023
32487
33096
33896
33416
31335
32519
33624
36168
37001
33096
32615
31975
33224
34008
33000
33976
33048
31639
34840
35304
35480
33224
32471
33352
34760
34232
31319
32583
32663
32519
35256
36376
35688
32007
31175
34632
34600
33016
34136
32023
30871
33128
33384
34888
35368
33304
31671
30487
31671
34536
33704
32551
30311
30679
36056
35464
34472
30823
29703
32183
34152
34232
32359
33224
32631
32599
35560
34408
34872
32151
31383
31703
32423
34184
33192
31463
29671
34712
37401
33432
31575
32087
32327
32856
33304
32824
32151
31079
32776
34120
34968
33560
31255
31047
32840
33752
32231
30871
31671
33304
35480
34632
34008
32679
29863
31895
33896
33896
33048
31879
32599
35416
35160
33144
32391
31111
33640
34472
34600
32023
29143
32535
36504
35384
34328
30839
32327
34280
33576
33096
33112
32599
35416
36152
36712
33496
31383
31847
32343
34744
33128
33080
31991
30855
33688
37769
36232
35560
32311
30439
32407
33816
33688
32439
30759
31111
33448
32007
31335
31799
32792
35512
35352
35336
32247
30407
30759
32487
32007
31431
31111
32199
31287
31799
30007
33448
34568
34872
33368
32071
31559
32567
33048
32872
32023
31591
31943
31943
31591
32856
35160
35512
33720
33736
34376
32519
32968
33160
32551
32023
32183
32519
32776
32872
33032
35992
35336
34568
31671
31991
32920
34072
32519
30743
32055
32599
32551
31191
31975
33048
34232
35016
33688
30343
30679
34600
34328
32279
30919
31591
32423
32135
30135
33000
34584
34824
32968
31463
30599
32023
34344
31335
32199
31815
31959
32776
33352
34488
35624
33816
30791
32551
31639
33528
33960
32711
31367
30871
32695
33080
34744
37817
31783
30199
31591
33480
34232
33272
32231
32023
31815
32439
32487
35240
36024
33736
31271
32615
33048
33624
33176
32808
32984
30023
31191
32792
35336
34472
33912
32663
31767
30887
32007
32808
31927
30855
31975
33192
32359
34648
34520
32872
31415
32263
33064
34104
32583
32343
30983
32087
33944
36424
36232
33592
31527
30231
33752
33944
33816
33800
31703
30599
32792
34488
36472
34952
34056
32103
32215
32920
33128
34392
32183
31895
32856
33592
33496
35464
34824
33464
32423
31191
31879
33352
33640
31959
32295
31111
32519
33608
35176
33880
31687
30503
31911
32663
34872
31191
30343
31463
32231
33848
35880
35160
34328
32135
31607
32439
31239
33880
33224
31047
31191
33432
36200
36104
34536
31527
31399
34056
33336
33720
33880
32279
32295
32327
35384
36584
35032
33048
32647
32471
33864
34280
32071
31719
31575
32647
34008
35736
36072
34824
32343
31207
32599
33368
32599
34376
32792
30583
30503
32519
37033
37177
33864
30375
31159
33752
34792
33000
32295
32487
32023
30775
34120
35192
33848
32135
30951
31319
33000
34328
30167
33384
34024
35752
35352
34216
32904
31143
32055
34488
34008
32455
32087
31335
33128
33096
34984
34360
33464
31975
33720
35128
34440
32311
32856
32359
32407
32727
33304
34952
37785
35560
32952
32295
33288
33928
33336
32007
32263
33192
32215
32984
31335
31159
33016
34664
35976
33496
31191
30519
33880
31959
31335
31031
31447
30535
31319
31943
32711
34696
35768
33576
32231
32984
32391
32968
33688
32776
32183
31767
33464
31751
32904
33336
35288
36248
35096
32327
32840
32776
34008
32359
32567
32583
31767
32359
33416
34344
34792
33816
31799
33288
32487
32792
33352
31895
31943
30871
32279
32391
34360
34584
33800
33864
31655
31879
32599
32808
31591
32135
32551
31463
30663
31671
33176
34328
33544
32455
31751
30935
32583
33624
33384
31975
31015
32663
31319
31415
31399
33256
33064
33560
32920
33000
31767
32087
32808
31879
31911
31607
32359
30999
30359
31175
33992
34920
34088
30679
29911
32199
32455
33112
31591
32183
33000
33032
30967
31415
34312
35544
33336
33960
33208
31911
33160
33976
33304
33176
32327
30999
31687
32215
33848
35224
35672
34248
33384
30999
33064
33544
34504
33352
31303
33112
32327
32455
32279
35176
35672
36712
33224
33352
32872
30951
33432
34264
32872
30871
32199
34248
32423
31351
30535
35272
35800
34200
32487
33112
32167
33976
32904
31959
31335
31719
31783
31703
31927
34744
36889
33896
32952
31543
31767
33096
33800
32904
32327
32231
32423
32487
32599
36120
36953
35096
31927
33304
33176
33976
34024
32311
31959
31367
31927
33928
33240
36168
36088
35432
34264
32904
32856
32487
35432
33752
32695
31671
32471
31895
32647
33448
35368
34984
35608
35288
30615
31191
35400
34840
31927
31575
30775
30263
31255
34136
36632
34616
34312
31815
30791
30087
34312
33608
32471
32519
33240
32439
33752
35864
36680
35496
33384
32359
31831
34184
34248
34488
33112
32487
30743
32135
33304
33672
36344
36072
32872
31127
33048
34536
34216
34008
33080
33240
33032
32695
32968
33896
35256
35608
35864
34904
31431
32679
32439
34008
33560
32952
32952
32039
31719
31943
32808
32423
35720
35224
33192
32984
31111
32984
33976
32663
31815
30183
31367
30983
32535
34104
34584
35208
32567
30919
31575
32647
33224
33736
32936
32792
31559
32872
34456
35608
35368
33352
32199
32872
33048
33992
32391
31543
32984
32359
32455
32071
34360
36328
35640
34184
33352
32840
34280
33864
33672
32343
32183
32023
33128
32455
32792
34072
35544
36760
33304
31063
31527
34280
34568
31911
31175
30999
32792
33448
33240
31159
31255
34696
35656
34648
31303
31495
31319
27910
30167
30935
33336
33832
32071
33528
34264
35416
35944
33880
33304
31431
31559
32471
34408
32824
32455
30727
32151
32391
32920
33848
36152
35560
32824
31335
33176
33944
33304
34216
33000
31191
31703
32135
32647
32936
32471
33736
35672
34328
34392
31303
31159
33768
33640
32295
32455
30919
31975
32647
31895
31575
33160
36248
34696
33064
31127
31063
32615
32695
32808
31447
31175
33096
31783
31383
33560
37017
35720
34264
32711
33000
32247
33832
35080
32327
31415
32872
32487
31239
32359
36536
36632
34376
33880
32487
31687
33112
33608
33336
32279
31255
33048
33304
32295
34648
36024
35656
32936
30919
32920
33560
32920
31927
32135
32231
31879
32519
34792
36056
35144
32824
31383
32231
32920
34600
34200
31335
30615
32519
34360
37081
36008
32968
31159
32327
33688
35304
32535
31495
31463
31255
35496
37353
36200
33960
31447
31639
32792
33496
33096
31319
32615
31143
32920
35672
35944
36120
33576
32647
32103
32343
33240
32567
32535
32487
32519
31703
32679
33240
33112
32840
36680
37641
34760
31111
32119
32968
34984
33112
31495
31367
32407
33352
31847
33448
33160
32231
31463
34776
36616
35688
33928
31895
32071
32023
32567
33256
32583
32535
31383
31959
31751
32792
31831
31847
32359
35240
34136
33384
28230
27926
31751
32471
