30231
28614
31639
30391
30471
34728
38441
38921
37817
34248
32776
33016
32904
31623
32840
32840
33128
34360
33768
35016
33704
32776
32984
32151
30695
29975
28743
30007
31751
34408
34552
33576
34568
35528
34904
32711
31847
31943
34248
32311
31719
30647
32215
32695
33976
36408
37337
34648
31751
30343
32023
33224
31559
30247
30055
31463
31895
34280
35016
36953
33512
30935
32391
33032
34280
32663
32920
31879
31655
32359
33960
34968
35848
33560
29735
33688
34440
34024
32679
32343
30759
32535
33144
35784
37465
33656
31799
30711
32535
33032
34520
31751
32439
31239
32215
36440
36824
35208
33128
32023
32968
33496
34504
32824
32023
33080
30695
33208
35784
35800
33464
33320
31975
33432
33080
33448
32904
31127
32039
32952
33544
35560
35176
33912
31623
31639
33032
33480
33576
31591
31479
32199
31767
35592
36696
34424
31559
30999
32567
33832
33352
33384
31911
31559
31751
34312
35944
35208
33720
32295
33384
32984
33736
33352
32904
31783
31239
33304
36184
36840
33480
33416
32263
32343
32615
32295
32952
32359
31527
30727
33976
35944
34632
32695
31047
30647
32872
32856
33416
32231
31015
32487
34696
36792
35784
34184
32359
33192
33832
33864
33144
32215
32904
32439
32103
35016
37609
36488
34024
32263
33368
33032
33448
31335
31255
32439
32471
31111
33848
34872
36376
34328
31799
31559
33384
33000
32247
30951
30375
31111
31751
32135
33240
36889
33928
30679
30215
31527
32247
33080
31703
30759
30887
31703
32455
34392
35864
36856
35272
31415
30999
33176
33720
32535
32023
30983
31959
30903
33208
34184
36360
35080
33080
31959
32327
32519
33160
32055
31607
31511
32199
32135
32840
35640
35928
35016
31671
31751
32936
33592
32840
32151
31143
31783
32984
33064
35928
37529
33672
32087
32327
32071
33992
33976
31271
31127
32215
32407
32407
34280
35112
34088
31943
32439
34152
32151
32471
31959
31239
30791
35240
35912
34568
33304
32904
33592
32663
33048
31527
30999
30007
30471
35624
36296
34632
31943
32439
33352
32663
32615
31847
32231
34328
34216
35032
34904
33032
31975
31975
33128
34072
32263
30919
33176
34408
35608
36184
35000
32776
30375
30871
33240
34872
34472
31927
30407
31415
32343
32503
35128
33832
31383
30919
33432
34632
33128
32551
30423
31415
31511
33592
35944
36520
33976
30199
29527
31479
34328
35512
33528
31895
30327
33000
35320
38201
36120
33480
31927
33016
32375
33176
35128
34168
31687
31127
32984
37225
38473
33960
30759
31575
35656
35976
33320
31543
32343
33448
32343
32711
36264
37977
36056
34088
33352
32647
33800
36408
33880
31063
29111
31943
31543
31527
35336
36008
31431
29239
30295
30823
33672
35016
31831
30007
31063
31671
32968
33080
31159
30183
29575
29831
32407
31943
31463
30327
30151
30231
31255
35768
37849
38985
39785
37865
33256
29367
28358
29223
29847
32007
32007
32231
33512
36248
35176
33848
32167
31815
33544
34728
34440
31415
32039
32840
32551
32952
33016
36232
36392
35416
32599
32567
34440
33592
31975
32567
32519
31463
31527
33944
33992
37129
35672
32679
30935
32663
33544
32487
31495
32023
32423
32455
32151
33640
35624
36536
35464
32824
31927
32792
33848
32840
33304
31687
30679
32471
31639
32215
33480
36136
38249
35848
32615
31319
32519
33704
33432
32263
31063
31687
34280
32135
31575
31143
32679
33864
37593
37465
33896
31063
31639
34568
33896
32263
31671
32952
31479
32039
32824
32103
32856
37865
36456
34536
31271
31623
32711
34760
33096
32023
31783
31559
31303
31719
31719
33400
35608
37289
34776
31895
32279
33224
34504
32711
32359
30887
32327
31943
31783
32023
33912
36248
36152
34008
32904
32695
32423
34312
33608
31831
32455
31911
32904
32776
33352
34120
36328
34328
33640
33192
33000
33512
32295
31335
31239
31511
31303
32984
35352
35096
35864
34072
32503
33240
33512
33784
33064
31367
31447
35080
31879
33272
36808
37305
34264
31911
30983
33560
35304
33032
30583
30407
31703
31015
33560
35880
37513
34376
31495
33256
34312
34504
33832
31799
30679
32023
31191
32551
35112
37721
35768
32647
31191
34264
33368
32647
31047
32856
32984
30935
31799
34216
36552
36600
34184
29511
32792
34600
32167
27542
27782
33208
35144
31847
32119
33928
32295
25254
23541
23477
25462
26886
26678
27670
28086
28679
31111
33592
31815
29783
28246
29223
29767
30551
30887
29527
31511
30999
34024
36056
34456
33704
33176
34824
36232
35096
32247
31015
31175
31783
32215
33672
35336
35080
32567
32327
32007
34120
32984
33096
31495
31559
32087
33016
36248
37561
35432
32567
31767
32087
34056
33192
32343
31975
32391
31335
32567
34584
36680
35368
32039
31671
32183
34664
33736
31719
30919
31847
31927
32487
32055
32679
36040
36953
34520
32023
32439
33160
34520
33688
31527
31367
31463
33064
31559
31559
33192
35800
36648
35080
33272
31991
31927
33160
33720
32087
31847
32279
31447
31591
32295
32327
32023
34200
37225
37049
33512
31687
32631
33544
34072
34312
32776
30663
31271
31847
32711
33160
31447
32567
35432
37529
35624
32151
31191
32792
33752
33576
32487
31927
31927
31783
33704
31559
32215
35864
36889
35048
32007
31687
33432
33704
32920
32295
31063
31559
32199
32183
31895
35912
38009
36008
32551
32327
33560
33416
34664
32487
31367
32247
32199
31655
32663
34232
37193
36520
33288
32343
31847
32519
34456
33256
31479
31271
31303
32551
31831
32695
36184
35928
33832
32439
32423
32599
33576
34216
32231
30471
31831
31447
31639
34984
36536
34184
34072
31767
32583
32391
32776
32231
31735
33512
34696
35864
33320
31959
31815
34328
34280
33496
33096
32856
33064
32711
34488
37721
38361
35160
31399
32343
33544
33080
33352
31895
30871
30935
32599
32663
33480
38329
39001
36953
34264
32872
32695
33352
34008
32615
31463
30887
31303
32567
32039
30263
31223
30503
33496
36760
39753
37433
33944
32215
31927
33960
34136
32279
30919
31335
32167
33352
31495
32343
30871
31815
32039
34120
36328
38809
36937
33464
30775
32359
34024
34600
32135
30903
30983
31415
32199
33640
32455
30311
30679
32007
35784
37689
35752
33480
30999
30951
32455
33240
32471
31159
31463
30823
29975
31719
32055
31207
32487
33832
34824
33608
31223
30231
32567
32023
32359
32263
31367
30039
32135
32295
31287
32103
33704
35928
34184
32792
30455
31927
33608
33288
32247
33256
31383
32215
32183
31591
33480
35112
35896
33384
31719
32071
33304
33272
34296
31895
32615
33032
33256
33816
35320
34648
34232
32471
32904
32487
33000
33496
31927
32071
32103
32695
34280
33304
35048
32231
31271
31047
32263
32824
33368
31191
31559
33224
34360
35800
34472
31991
31943
32439
33176
33896
32776
32599
32295
32856
34952
35160
34248
33224
32792
32215
33832
33576
33096
32311
31831
32679
35528
36648
34824
31591
32055
33448
34328
32776
32279
32103
33048
33128
35256
34728
34360
32455
31975
32952
33736
32343
32167
31879
32551
32904
35256
36488
34056
31895
31831
32904
34632
33464
32824
31495
31703
34072
36792
35880
34072
33112
32167
33832
32471
34088
33432
31431
32695
34696
35240
36056
32615
32920
33096
33256
34008
32215
31575
32359
32087
32039
32808
34056
36440
36248
34312
32808
32167
34376
33800
33176
31671
32151
32695
32423
32583
33256
32343
32711
31127
32199
33016
34520
35256
35576
34216
32824
32647
33512
33304
32519
33896
32039
32199
31687
32455
31767
32391
32327
31191
31623
34792
34408
33320
31943
31815
33496
33704
33304
31623
31559
33800
33240
32455
31447
31895
32151
34200
36232
35608
33944
32776
32231
33160
33496
34184
33256
31847
32535
33080
32952
33032
32103
32071
32343
34920
36648
34136
32968
32087
