30759
30983
32583
34776
32519
31239
31175
32039
31287
32551
35896
35608
33128
31623
31431
33176
33208
31895
33240
32663
31431
31063
34696
36792
34776
33032
30807
31639
34152
32599
32391
32231
31783
31703
32119
35656
36424
36024
33304
32423
32695
33608
33320
33704
31303
32455
32279
33032
32615
36280
36712
34696
32776
31879
31575
33336
33064
33288
33080
32583
32423
32439
33480
34568
36184
36264
34632
32135
31575
33080
34376
33144
31575
30903
30823
34056
35432
35160
33672
31559
30391
31255
33544
33800
33864
32199
31287
31975
34968
32952
32119
32471
33736
33592
32391
31879
33032
32135
34552
37049
37257
36937
33464
31719
32151
34760
32824
31623
32327
32888
31911
32663
37705
37913
35688
33224
30503
33000
33688
32519
32439
31159
31111
33208
32407
35688
38457
35544
32391
30903
31191
34216
32904
32167
31559
30775
32343
31815
30807
32039
31319
31719
32519
34376
37945
37129
34888
32199
31767
32920
33160
33496
32487
30791
31223
30871
32968
31415
30807
31191
31671
33576
36024
34200
32279
31591
32631
32840
32952
31159
29975
31623
32904
33176
32311
30791
30999
31623
33176
34568
33576
32711
31799
32407
32263
32840
31975
33608
33192
31975
31175
32439
32039
31623
31879
33976
34152
30983
30471
31191
31207
32151
30695
33736
31431
31447
31527
32231
32776
31927
31255
31335
30519
31799
31111
32199
32215
32824
31623
30471
32904
31895
32776
32295
31783
32007
32904
33368
31815
31015
30839
32583
33880
33688
32551
31463
33496
33192
32824
32279
33064
33688
32199
32519
32695
33416
33208
33928
36664
34024
34120
32599
33208
33208
33976
34248
34840
32647
33208
35192
34696
35144
33304
33640
32679
33560
33960
34104
34616
32295
32391
33960
35560
36152
35080
33064
32071
33048
34616
35480
34216
32856
33336
33928
35816
37305
34984
33112
32055
34728
35048
33736
33112
33080
33512
37113
37785
36024
33496
32055
33720
35928
35160
33048
33560
31383
33800
36744
37161
35384
32519
32183
33368
34888
33464
31655
32952
32920
32407
33032
33528
33624
37417
38121
35032
32551
32247
32343
33352
35752
32263
31255
30215
32551
33880
31447
31463
31111
31383
33752
35912
36312
37737
33256
30343
31927
34696
34584
33576
32872
31047
31623
33112
33624
32471
33032
32231
31159
32776
35864
36824
35496
31415
30791
32231
34824
35592
33992
30759
30903
32071
34008
34584
33384
31383
32776
31895
34088
35288
34872
33416
32359
32279
33384
34248
32952
31783
30231
32551
32263
33320
32615
31047
30919
32615
33528
35208
34488
31895
31463
31623
32792
33976
32359
31015
32279
31399
30631
33320
32343
32631
34920
34312
34408
33176
32263
32904
33176
34632
33368
32103
31639
32455
32439
33176
33496
34408
36168
35688
32519
32103
33880
33352
32215
32007
31927
32503
33032
31751
32311
32840
35896
35656
33512
32327
32215
32407
33064
32343
31655
31239
32023
31879
32615
35144
36072
33736
31223
30679
32455
34248
33560
33176
33048
30391
31975
34824
36632
34696
31847
31111
31895
31319
33480
33512
31687
29495
32007
33928
36136
35176
33592
30983
31559
33384
34904
34136
31207
32055
31975
32840
35176
37065
34824
33848
32840
33080
32087
33864
34104
32103
31975
31719
32984
32936
35416
37289
36360
32856
32407
31783
32695
35496
33704
32615
31911
32183
32023
33240
34136
35800
35704
34328
32087
32872
33704
32055
32679
33320
32151
30935
31799
33624
35160
35864
33320
31719
32519
32776
34008
32599
32039
31927
31175
32808
32423
34056
37721
35400
31911
30935
31703
35976
31911
31511
30791
32792
33560
31847
32615
35240
36440
35608
34488
31463
31623
34232
33960
32615
32279
31575
30999
32071
32455
36168
36072
34360
31703
31399
32327
34008
33832
31783
28967
31671
33880
31239
36728
36408
34392
32103
31463
32279
33288
33576
32071
31511
32343
31639
32199
32647
35512
35688
34648
33512
30791
32407
33400
34776
33304
33112
32343
32567
32279
32792
32840
33272
35160
36776
34264
33320
30279
31895
33368
33352
33864
31239
32936
31239
31831
32279
31207
33448
35768
35288
32567
31159
31127
34152
33400
33592
31879
29879
31975
33000
32599
31895
32439
35688
36248
33768
31943
31367
32311
34120
32567
31015
31335
32311
32407
31399
31239
31703
36216
36953
34520
31767
31527
31015
33336
33880
32023
32071
31927
31447
31479
32071
33352
33176
35480
35592
32968
32423
30551
32439
33448
34104
33240
32567
32167
31927
32471
32519
32391
33944
35624
35976
33608
31751
31319
33992
35096
33112
32135
32231
32551
31847
33016
32327
34104
35112
33896
32952
31799
31479
33352
33336
31191
31815
31559
31639
31959
34712
35048
35272
34088
32151
32007
34312
34072
33704
31511
31543
31815
31911
34136
35336
35688
34200
33064
31879
33208
33512
32679
32824
32215
33608
33192
32279
33832
35512
35288
33368
31191
33800
33240
31559
31767
31463
33208
32167
33624
33928
34472
35656
35352
31607
31191
33336
34152
32776
31559
32039
31719
31383
35512
35352
33544
33112
31063
30823
33176
33288
34232
32087
31687
32423
32551
36200
35752
34440
30695
31223
33544
34760
34328
32615
30903
31463
32215
32776
36168
37673
33624
31447
31255
33272
34824
33688
31431
31511
31447
31863
34472
35848
36680
34280
30695
31671
33464
34648
35144
32920
31399
32023
32407
31815
33000
35368
37081
33640
32151
31575
32423
33608
32519
31111
31671
32071
31895
34888
36472
35704
33208
31079
32439
32151
34776
31895
30695
31463
31447
31607
35080
37721
36232
32135
32103
32343
33304
33688
33192
33624
32295
30887
31399
35736
37913
35912
32936
30615
32695
33560
33480
33816
32007
30375
33784
32327
32920
35880
37897
35640
31063
31303
33928
33688
34376
32327
32583
32023
33464
32872
32151
36280
36552
34264
32808
32215
32824
34696
33176
31671
33112
31559
31927
33288
34264
35080
35256
33544
32311
31047
32920
32872
33608
33672
31639
30887
33624
33336
35320
35640
34712
31767
30903
33240
34760
33160
32711
32551
30311
32679
37817
37449
34136
31191
32199
32167
32567
34376
32599
31527
31719
35880
35976
34712
32423
32936
32343
33288
33864
33640
32647
30327
32327
32904
34648
36776
36616
34472
31415
31287
32856
35000
32087
31767
30919
31703
34136
36424
35176
33208
30807
31255
31895
31495
32343
31911
31143
31927
31495
31671
31287
32071
31127
31111
30295
31111
33304
33976
36232
35848
35480
33304
31015
31559
34104
34376
32039
31031
32984
32840
32263
32039
31623
32663
34664
37193
35768
32327
32663
33608
33464
32840
32856
31383
32663
32455
31111
33144
32071
32615
33160
34776
35688
34040
31271
32808
32071
33928
33240
32471
31079
30567
31783
32904
31575
32535
34056
34216
34536
32199
30999
30279
33368
31815
33800
31831
31079
31847
32936
32407
33576
35800
35352
32856
32023
31767
32663
32856
33912
33672
31879
31319
32487
31463
33880
36504
35272
32263
30279
33592
35176
34504
30887
32327
32055
32872
32615
33576
37081
35464
32327
31559
31847
31799
33608
34856
31847
31575
32647
31511
34136
35816
34920
31543
31815
32167
33016
33416
33048
31335
32904
31767
33224
34520
35016
32055
32455
31287
31911
33448
32840
30679
31047
34264
36168
35992
33800
31847
30391
33352
33032
34584
33160
32343
33384
35912
36328
34920
33096
31255
33576
32872
33992
32407
33096
33208
34696
35208
38201
35032
32936
30631
33112
34856
33288
32055
33208
32583
32695
32615
34488
37257
33304
32231
31495
32263
33352
34056
32920
32151
30647
32920
35848
35048
34872
31079
31399
32583
34600
34888
31495
30183
30951
31303
35368
36712
34920
33192
32007
32776
33240
34456
33336
33208
29847
31671
33880
33352
34632
36024
34648
32663
31735
34184
35032
32151
31335
