34328
34312
33560
31703
31895
32407
33128
34312
35480
35768
35160
32471
31031
32359
33448
32936
32167
31655
31783
30615
31159
33176
35784
35064
32087
30375
32279
32583
33144
31623
31975
31527
31159
31927
34216
37417
35544
31591
30935
32215
33560
33496
33880
32247
31431
31319
31623
33896
36056
37337
34104
31079
30855
33512
34568
34216
32327
31703
32215
31943
32503
34536
37017
35240
34568
31767
32263
33080
35384
33000
32199
30951
30759
31927
32135
35432
35672
35368
32872
30615
31511
32647
32199
31831
31175
30455
31879
30935
33640
36280
36232
33608
31751
30727
31975
35080
33752
32519
31559
30471
31975
32359
34344
36744
36360
33720
31671
31831
33928
33304
32824
32007
32872
32888
32343
31943
33256
36440
36264
34920
32407
30935
32471
34056
34200
32423
30807
30999
31511
32279
34648
35496
35672
33224
29991
30823
33336
33256
31415
31575
31815
32183
31959
33528
36360
35912
34856
30807
31751
32952
33688
33048
31495
31815
31751
32103
34328
37513
35640
34456
31335
32519
32199
33176
32904
33352
31831
31255
32808
35480
37145
37049
33608
32039
31623
33608
33736
32776
31431
31591
31319
34024
35112
36344
35352
32215
31591
32087
33432
32936
31623
32167
31543
32231
36152
36392
33432
32359
31255
32519
32519
32808
32359
31239
31703
34760
37529
37657
34216
31447
33176
33560
34120
32776
32391
32391
31671
31927
35000
37513
35048
35016
31591
31431
34472
33416
31927
32055
32487
31575
32071
32247
36696
37065
34728
32423
31255
32007
33096
33912
31607
31159
31527
30967
31159
33352
34856
35000
33096
32647
30423
33080
32984
32808
31703
32423
33112
31623
31063
31287
34712
35496
36168
34472
31879
31799
32984
33784
33096
31879
32471
30855
32471
32824
32007
32471
34120
35512
35992
34424
32439
32327
33048
33208
32455
31895
31303
32679
31911
32407
32423
32055
31927
31959
34824
35464
34696
32808
31927
32984
33576
32840
31671
30503
31271
31655
31255
32263
32295
33832
34744
33720
32920
31687
31463
33640
32423
31431
31127
31847
32776
32615
32936
31991
33352
34472
34264
33320
32087
32647
33464
32776
32247
31303
32856
31783
31399
32391
34104
34760
35112
34040
32455
32503
32792
32615
32471
32663
32183
31511
32663
31367
31543
33704
34136
33512
31927
30999
32920
32920
32231
31175
31063
30871
31303
33672
34888
34728
32808
31511
31623
32503
33384
32679
32551
32904
30967
32824
34856
35640
34792
33496
32199
32279
33880
33896
33304
32199
32952
31687
34344
36024
36424
33720
32776
31127
33416
33608
32808
32776
32151
33000
32776
35240
35464
34984
32824
32984
33224
33560
33752
32359
31543
32920
34744
35992
35592
34104
33848
32087
33816
33240
32391
33640
32615
31831
32311
35400
36792
35864
32183
31031
32439
34920
34232
33128
32439
32423
32471
34392
35560
35656
31719
30647
31927
33288
33176
30903
30487
30567
32615
33304
34472
33976
31911
30391
32583
33000
32551
32455
31415
32311
35544
36760
34312
32215
31639
33736
34168
34456
31975
31367
33544
33192
36200
36616
34856
32167
32423
32295
33512
33928
32615
32471
31879
32663
36424
37353
34920
33368
32103
33288
33064
33144
32936
33192
31447
31879
31879
34872
35768
34728
32311
30647
32679
33160
34184
31975
32007
31527
30903
32407
35080
36152
34536
32215
31751
32023
32984
34216
31799
31367
31671
32343
30871
34152
36744
36392
33384
32856
32263
32647
33560
33336
32936
32279
32551
31671
32423
33736
35832
36520
34488
32984
32968
33384
33896
32631
32199
31911
32679
33224
32263
32471
31863
33320
32824
32904
35864
37529
35240
31783
31831
32856
35560
34504
32183
31319
31751
31671
31447
31351
32471
32295
35240
35784
33240
31991
31703
31687
31831
31543
31111
31287
31031
33112
32776
33080
34616
36184
34584
33640
32327
33576
33416
33992
32087
33480
32872
32087
31415
32039
32151
33880
36376
35256
33384
32007
32599
32872
32904
32952
32808
31815
31927
31927
31911
32615
32920
32824
36568
35672
34008
32039
32535
33560
33592
32583
31479
33528
32968
32071
32792
32007
31015
33800
35800
35160
31847
31735
31847
33240
32103
31431
31959
31767
31223
31127
32167
34344
35512
33704
33560
31303
32279
33000
32776
32295
31927
32135
31527
32103
34136
36136
35784
33640
32840
31895
33544
34504
33288
31591
30775
33048
33016
32551
33064
35976
36360
33960
33448
31895
33368
33896
33544
32135
31255
31287
33496
32695
32711
34536
34920
34920
32359
31303
32872
32792
32824
31511
32695
32679
33208
34312
31959
34248
35896
35176
33720
32968
32984
33064
33720
32423
32615
31175
32439
33080
33112
33480
34776
36536
34728
32103
32199
33848
33192
32920
32279
31815
32519
32599
32583
32135
31463
35096
36312
35320
34136
32199
31463
34360
32984
31815
31463
33496
32439
32471
31479
32343
34472
34600
33672
31303
30935
32215
34136
32071
31111
31479
32920
33432
32103
33080
34056
35320
34424
33480
32920
33128
33512
33832
33096
31271
33464
32487
32391
32872
34392
35224
34856
34248
32936
32471
31927
33752
32487
33192
33512
31447
31335
33384
32423
34696
36072
35544
33096
33096
31527
33496
33896
33288
33032
31847
32615
32231
32359
33128
34728
35032
33960
32439
32984
33624
32904
33608
32583
32711
31271
32840
33464
34920
34152
34952
32263
31911
33224
33288
33928
32776
31591
31335
31655
32135
35288
34312
31495
31751
32567
31703
34456
32567
32808
32279
32343
32856
33992
34440
32135
31671
32487
32936
31671
32439
32039
32407
34408
35288
34088
33512
32920
32327
32792
31927
33704
32695
33192
34168
35816
34536
33368
32439
33064
33640
33288
32776
32039
31751
33832
36568
36104
33832
32199
31703
33320
33128
32359
31895
31671
32439
31783
32071
32599
34264
36424
35512
33928
32375
32599
33336
33672
31383
30279
32231
32311
31895
32055
32663
32215
31559
33048
34856
34232
32936
31159
33224
32952
33416
32503
31399
31831
31879
31719
32808
33448
32776
31719
32968
34920
34872
33320
32327
32247
32615
33384
33256
32391
32615
33256
32151
31639
32583
31543
32215
32343
33640
32023
32968
31175
31639
32007
31911
31367
31383
31527
32007
31767
32295
32327
32023
32423
30871
31175
32663
33112
32904
32055
32087
33288
31943
32247
34584
32952
33160
33736
33992
31783
33320
33048
34184
32423
32167
32679
33288
33432
33576
33640
32103
34120
33896
32840
33688
34344
32311
33976
33608
33688
33624
32039
33528
32055
32231
33352
33256
32007
32103
32583
33720
33320
34184
32920
32071
31543
32904
34296
33000
32439
31079
31767
32695
34920
33208
32856
33688
31831
31975
34120
34824
32952
32984
32279
34744
37177
34376
31543
32663
34056
34360
34152
33944
33368
32920
33560
35096
36072
34488
32615
32647
33944
33960
33208
33384
32888
33048
33048
34472
34696
35608
33992
32695
32215
34232
34376
32920
32103
31639
31431
33880
33656
35048
35208
33752
32279
32567
33496
32647
32455
32423
32567
31927
31799
33768
35848
35800
33208
32808
32487
33112
33336
32679
33016
32359
31367
33160
31815
34248
35144
35000
34104
32984
32279
33128
33800
32856
32695
32359
33048
32263
32615
32647
33880
35176
35672
33976
32583
32792
33464
32840
34152
31639
33128
31783
31927
33064
32295
33016
31511
33768
35896
35976
33288
31719
32391
33480
31767
33112
32792
32151
31783
31895
32231
31399
32583
34232
35816
33800
32199
31447
32519
33288
33560
32936
32055
32183
31223
32599
32519
33768
34952
36248
34264
32567
32359
33160
33864
32808
33224
32007
31175
32279
32952
34616
35032
36744
34696
32968
32119
33976
34024
33672
32647
33464
32695
32199
31703
30951
34664
36088
35144
34360
32407
31831
33224
33240
33800
32936
31895
31927
31815
33512
