34984
33480
32776
34632
34888
34536
31815
31575
32872
33976
32679
31639
30743
31735
33096
31415
31895
32631
35272
35864
34712
31927
32343
32679
33336
33320
32199
31159
32359
31991
32343
32455
34392
36360
37257
35976
32679
33176
32679
33640
32936
32455
31623
31895
32776
32904
31511
32487
34824
37737
36424
34232
32551
31511
32888
34152
32423
32199
32151
30967
32519
32183
31287
31703
32551
33160
36424
35800
33032
32327
30615
32567
34216
32856
31575
31703
32263
31319
32087
31943
32167
32423
34008
37017
36488
33736
31831
32087
33560
34312
32808
32231
30679
31527
32519
31575
31911
31671
31303
33336
36632
36937
35608
33208
32359
32808
33832
33288
33064
32183
30951
31799
31815
32455
32247
32263
30823
34744
35928
37289
33928
30615
30855
33080
33672
32872
32087
32023
32039
31127
32103
31767
32231
31735
34024
35608
35416
33448
31751
30567
32856
33688
32039
31351
31751
30887
31559
31799
31287
32471
35432
36712
35688
33944
32343
31847
33480
33480
33912
32936
30727
31159
32487
32039
32711
32904
34712
37433
35400
33176
32055
32263
34184
33848
32792
31751
32295
32279
33096
31655
32199
33512
35992
36776
34536
33048
31943
32455
34376
33128
31863
30311
31239
32984
32327
31687
33256
35672
35432
33256
30743
31959
32487
33704
33544
32135
31511
32840
35608
35688
33528
31815
31255
32599
33592
32952
32135
30903
31831
32359
31943
32487
32647
31767
33512
36889
37833
36552
33576
32663
32792
33560
33240
32583
31975
32952
31879
33448
32439
32711
34856
36712
36248
33992
32167
32263
33496
34376
32679
31687
30311
31111
32824
32167
32487
31911
31879
36104
37513
36200
33592
32023
32295
33608
33608
33064
31783
31847
31111
31239
31943
32327
32695
34536
37001
34456
32055
30471
33256
33368
33144
31623
31383
32135
32215
32519
33288
32183
33704
36889
36520
34984
33096
32055
33256
34008
33512
33064
31383
32535
31799
32135
32023
32167
35048
36104
37625
34600
31063
32407
34088
33544
32487
31975
31031
31911
33224
32103
30951
32295
31751
33512
36632
36408
34520
32167
32151
31687
33864
33128
31255
30791
32087
31335
31815
32391
31799
34216
36152
36360
36376
31815
32071
33416
34056
33256
31671
32151
31943
33032
31639
32151
31511
33096
32039
33416
36360
38025
37401
33448
31927
32007
34232
34968
32824
30151
31687
30887
32359
32455
31847
33000
32183
30103
28999
33000
37817
38089
35288
32647
32151
33496
34008
34792
32567
32103
31239
32135
32535
32567
32263
31463
32920
36456
38009
35224
31927
31543
32007
33416
34104
32263
30439
31047
31815
31799
31575
32824
34136
37273
35416
34648
30727
31671
33224
34056
32856
32151
31831
31639
31895
32391
34408
36889
35880
34232
32295
31207
32968
33976
32663
32135
30983
32535
32487
33272
36312
36664
34232
32279
31831
33112
34008
34280
32615
31943
31447
31271
34728
36824
36632
33576
32599
31783
32615
33224
33928
32135
31847
31383
32199
35304
37417
35592
32183
31719
31815
33624
33928
32423
31495
32599
32824
34200
37049
35976
33528
32583
32055
33032
33704
33208
32007
31351
32679
31927
33464
33736
36360
36120
34040
33048
32359
32824
32920
32567
31143
30023
31303
32391
31383
30215
32295
31815
31415
31383
31127
31415
31943
31895
32487
31447
31751
35368
39129
37945
34120
32824
32599
33800
34456
32567
32071
31431
32455
31799
31959
32711
32423
31831
31335
31831
31799
31911
32407
31543
32151
32407
32952
34024
35784
37257
35448
33576
32792
33576
33736
32695
32776
31623
32952
32327
29783
29079
30839
32359
33848
33080
32375
34024
36376
35640
32391
32151
32231
32968
33384
33640
32808
31207
31239
32471
33048
32359
31591
31287
33336
35992
36616
35096
32487
31943
32391
33624
32936
32471
31399
33368
33128
31943
31671
32391
32952
35336
36680
34776
33512
32439
32583
33112
33304
32792
31079
32071
32135
32471
31479
31511
32071
31415
30791
31671
32647
34536
35240
33928
33176
30951
32295
32199
32439
32135
32647
32487
31959
31319
31527
32487
32167
32327
33032
32007
33000
35672
34920
33880
32535
32647
32920
33304
32952
33256
32407
30615
32103
33320
32279
32087
33288
32840
34264
34408
34600
32776
32071
32167
33576
32776
32135
32695
31831
31671
31671
31303
33096
34648
33976
34184
32984
32215
33080
32904
33480
32439
31479
33304
32295
30679
32567
36216
36072
34232
32407
31783
33416
33496
34280
34104
32359
32327
33592
33672
32407
32599
33064
32407
32695
31799
31415
32583
32792
31975
32199
32952
32087
33288
36088
37161
36632
34264
32007
31863
34600
33896
33992
33144
32023
33224
33464
32808
34312
36664
36104
34328
31815
32824
33352
33992
32968
32215
31367
32231
32295
34088
36536
35528
33208
31543
32199
33848
34408
34072
32247
31415
31047
32407
35608
35400
36504
34472
33544
31447
33480
34680
35080
33384
32151
33096
34952
36937
34840
33496
31543
33064
33144
32984
32583
32808
32071
32343
32776
32215
32567
32215
33992
35592
38169
38233
36408
32327
33688
33544
34024
33928
34088
32231
32263
32904
32968
32327
32695
34776
38297
38089
34408
31495
32952
34136
33496
33672
33096
32007
31799
32535
32920
32647
31815
31015
31991
32023
31527
32952
36040
37657
37033
34008
30551
32519
33176
34392
31975
31319
30743
32808
32183
32135
31591
31783
31575
32391
36040
37065
36664
35000
32695
31639
32984
33352
33480
31783
30759
32071
32039
32535
32824
32824
30599
32039
31271
32487
35784
37161
35528
33608
32808
33320
32952
34168
33992
31383
32055
30903
32856
33000
31879
32023
32535
32904
30871
32071
34120
37897
37769
35288
31111
31943
33208
34472
32535
32535
31767
31959
33048
31815
31575
31911
31831
32071
32183
32407
33560
35416
36200
34520
32311
31079
31879
33576
33048
32359
30439
30855
30615
32167
31287
32888
32247
32984
34184
36760
35832
33592
31943
32295
33800
32952
32439
31895
32231
31975
32311
32135
31735
31031
31575
33512
36200
35688
35336
33352
31063
32519
32535
33448
32615
31239
31975
32872
32135
32071
31799
32647
33688
35416
35304
33736
32599
32519
33368
32455
32920
31623
31879
30151
31783
31271
32407
35144
35544
33416
32695
32183
32840
33224
31831
31767
31303
32199
31239
31831
32007
34952
36680
35432
32856
32727
31831
33592
33720
33080
33048
31943
31175
31975
34248
34008
36008
36280
33464
31703
33480
32920
33640
33720
33176
32007
31319
32039
33160
33224
32055
34088
36024
36232
33848
31959
31303
33592
35224
32599
32055
31703
31831
31303
32359
32824
34536
36296
33464
32663
31111
32567
33496
33672
31639
31207
32151
31959
30951
32599
33480
35592
35496
35352
32279
31255
31863
34872
34616
31655
30983
31831
33352
33048
32295
32856
36120
36200
34904
33416
31751
32615
34088
33352
32535
30919
32087
32279
31975
32695
31687
32167
34088
35528
35736
33976
31959
32311
33704
34488
33640
32519
32087
31543
31687
32183
35032
32135
34824
35320
33480
32487
32167
32071
34760
33048
31063
31127
31447
31447
31927
32471
33800
34696
35096
33800
32968
33288
32711
32535
32824
33240
32567
32407
31943
31079
32023
32567
34520
35080
35864
33560
31959
30615
32936
33960
33720
31719
32007
32215
32247
31591
32776
33240
32968
31383
33640
34840
33976
33384
31927
32711
33256
33368
32840
31383
31399
31847
32199
31943
32071
31783
32167
32647
35256
35224
35016
32535
31527
31639
33480
33128
33208
31767
31815
31591
32551
31991
30983
32391
33896
35000
34568
32071
30663
32199
33240
33208
33208
31287
31655
34152
32679
32087
31959
35080
34728
34152
33096
32519
33704
33640
33976
33592
33176
31415
32151
32615
32423
33048
34472
35096
35272
33928
32423
32583
33816
33240
33240
33896
