32663
33160
31255
31383
32039
31799
32567
33080
35416
36072
34824
32231
31511
33192
34360
33608
31815
31095
32343
33688
33384
32503
32920
33256
35624
35896
35480
31031
31367
34440
33992
32439
32103
31303
33304
33672
34056
31399
31143
33544
35592
35688
32215
30967
32904
32968
33208
32583
30903
33368
32551
31767
33000
33864
34472
33000
33336
30775
33320
33272
33128
32407
31815
33688
31927
32663
34408
35224
34008
32567
32215
32711
33464
33256
31239
33752
34456
36040
35624
33960
31543
31399
32135
33752
33208
31895
32872
32647
32327
31143
32423
34584
36921
36937
34184
31399
30903
33080
34184
33752
31431
30647
32151
32792
33112
34648
35208
35176
36760
33432
31447
32423
34984
34312
31831
31239
32439
32856
33240
33864
31655
31207
31943
34104
35368
36536
36232
34248
33160
32215
33848
33192
32567
33160
32615
32711
34696
36104
34360
32215
31335
32471
32423
32407
33208
32263
32295
32023
32455
31847
32199
32375
32439
31543
33304
33304
34152
34968
34376
34776
31623
34232
32247
32872
33544
32551
34792
32311
31079
32776
34648
35016
35592
34472
32695
32920
33320
33688
34728
32151
30423
32263
32679
33448
32007
32215
31111
33464
37097
37545
35016
32952
32567
33592
34760
33928
32007
31175
32231
32679
32071
31911
33112
32824
32407
33160
31063
34456
36889
36376
36152
31543
31047
33704
33752
32263
32439
31559
31815
31959
32087
32055
31719
31447
31575
32599
31911
34504
36360
34792
32583
33464
31255
31111
32904
32087
31943
30471
32471
32007
31511
31239
30551
32679
32087
33160
33640
33800
33864
31207
31687
32391
33368
31623
32455
30759
30935
33064
33432
31543
32199
32599
33384
33656
32471
31831
32279
32663
32407
33064
32359
32039
32263
32295
31623
31815
32055
31927
32327
32359
32679
32984
31959
34360
33592
31959
32615
32792
32471
32295
31799
32695
32615
33464
34104
32824
31175
31879
31703
33512
33112
31975
32904
33704
32263
31591
32599
31143
33416
33528
33192
31847
31543
34392
34424
31431
31575
34008
34520
34008
32311
34024
33080
33096
33464
33224
32327
33688
34488
35112
34648
31879
32647
33736
34520
32615
32872
34632
34744
34136
35096
35272
32968
33032
33384
34664
32984
33800
32599
34392
36824
37705
34264
32151
33048
35560
35144
33256
33528
33432
32535
35160
38649
37385
34504
32087
33160
33720
35384
34344
33400
33384
33928
32567
31927
34280
37593
38697
34488
32343
32407
34696
33544
33448
32391
32135
33752
32215
31367
32647
34408
31751
31655
35736
37145
37673
34056
31271
33416
35432
33640
33224
33320
32519
33464
32920
32103
31895
33448
33448
31079
32920
36168
37209
34232
31255
31543
34456
34248
32247
31895
31463
31431
32263
31575
31815
31591
31239
31895
34600
36632
33800
31639
31335
32007
32487
33512
32167
32151
31847
32263
32311
32567
32968
32679
32551
34072
35048
35864
34040
31943
32087
33496
34232
33800
32391
32071
32567
32183
33352
33160
33800
31959
32071
33336
37257
35784
34248
31959
31255
33352
34200
34120
32007
31751
32519
32295
32808
33992
32071
31719
31623
33736
36280
36232
32583
30263
31287
32279
34184
34120
31543
31687
31447
31975
31511
32295
32231
32776
33768
34872
34456
34632
33080
32199
32471
33016
32695
33096
32519
32920
32583
31879
33304
34552
35656
35688
33304
33240
32071
35336
33208
32519
32439
32055
32567
31255
33272
35720
36072
35256
33000
33128
31895
32663
33256
33416
34296
32407
31527
30871
33816
35144
33592
35128
33288
33960
33192
33320
33176
32311
31175
32071
31319
30695
32920
33160
33928
35608
34952
31927
31511
31895
33688
34712
33928
31815
31175
31687
32487
34056
35656
36712
33464
33688
32519
31319
33288
33032
34216
32007
32727
33800
31639
31783
34184
36184
37561
35688
31575
30919
32471
35128
34056
31335
30999
31431
33000
32952
32439
34152
35672
36392
34712
32135
31159
33784
34360
32984
31943
31815
32215
31623
33528
33944
36456
33560
31399
30983
31591
33752
31559
32359
32135
32007
31463
31879
33304
37001
37785
35112
32215
31015
32167
33096
34456
33672
31527
31527
32984
32535
33624
35880
37017
35816
33128
30471
32023
35432
34600
32920
32535
32279
32023
31367
31927
32407
34376
38297
36536
32695
30551
34072
32695
33112
32407
32359
31399
31959
32007
31575
31319
31511
31591
33576
34872
35144
33096
31047
31127
32231
32135
32407
33752
31255
30823
32439
32199
32487
32888
35912
37657
34184
31495
31671
33416
33304
34248
33032
32311
30871
33112
33160
32183
32952
35640
37273
34056
35336
31591
32039
33432
33992
33736
33176
32039
32455
32679
32279
33688
34648
37049
34520
33352
30903
33000
33192
33208
32968
33704
30631
30615
32679
31623
34024
35256
35160
33896
32407
30679
33512
33688
32487
31703
32407
31287
33480
31799
32599
35736
34456
33288
31687
31063
33288
33608
31063
30999
31383
31815
31063
34328
35976
34616
32936
30823
32311
33592
33176
31895
32391
31271
32151
31831
34952
37337
36072
33576
30871
31767
32920
34952
34264
33304
31415
31431
29191
31671
33896
36264
35800
33576
31847
32647
33624
33656
34200
32007
31895
31063
31959
31463
34104
35976
35816
32471
30471
31495
34440
33352
32952
30103
26982
30503
32583
33576
35912
36456
33608
32135
32279
32439
33240
31911
32631
31991
30631
30439
31687
33720
36632
34520
32968
31687
32599
33304
34408
32487
30935
31895
32824
34648
31335
33224
35688
37225
33976
31159
31559
33640
33608
33000
32808
31399
31879
31303
32007
33224
33720
34840
36424
34888
32311
31639
32904
33896
35016
32776
32183
31463
31431
31271
31367
32824
32487
34728
35672
35272
32519
31031
31975
34200
35720
33048
30695
31767
31559
30807
33624
33944
34408
35272
31943
30359
32647
33000
32295
33832
31287
31751
31319
31319
32423
35432
39097
32936
29879
32071
33128
32407
33544
33288
32135
32423
30823
31879
34984
36584
36568
33048
30663
33208
34008
32343
33160
33128
31079
34184
31047
33928
36776
36024
34344
32936
31383
32776
33240
33192
33288
33224
32023
32359
33080
33864
35640
35256
33768
31767
32711
33464
33032
31895
32599
31575
31687
32263
34632
35688
35240
32792
31447
30823
33128
34008
34712
32503
30647
32151
35256
37049
34072
31495
31287
33384
34280
34264
32968
31703
32343
34792
36056
35528
32567
32776
32279
31511
33592
32808
33720
31895
35608
36200
35304
35416
32391
32135
32039
33688
32920
31639
31159
32135
33576
36200
36680
35368
32327
30775
33576
32808
30775
32856
30615
31991
31511
32952
31511
31783
31687
31687
31943
31495
32199
32023
32535
33480
32583
32231
38057
38121
37337
35432
32199
32936
33800
35000
32792
32840
31559
32007
31783
31639
31799
31943
31671
33192
32247
33560
36072
36392
34456
30663
32391
34152
36136
31495
31191
31079
32423
31847
33480
32968
31383
31719
31543
32936
34280
34328
33128
31655
30791
32007
32872
31447
30887
31191
31735
31799
33448
33112
31111
31319
35144
34680
34648
32968
31799
31767
33800
33560
34120
31639
31527
32936
32535
31799
32519
33560
31943
34728
36136
34456
32455
31527
31175
32695
33832
32391
31207
31399
32055
32423
31927
31415
32968
33832
35992
33832
32151
30215
31975
32583
32103
32599
32599
31207
31559
32551
31559
33192
35416
35464
31847
31671
32984
33608
33960
32551
31319
31847
32904
31863
32183
34744
36008
34296
33432
32359
32824
33320
32407
32455
32904
32135
32327
33864
32615
35896
33816
32343
31559
33352
32583
33176
32663
31399
31335
32984
32279
32535
34856
35528
33704
31719
32359
32519
33096
31959
33352
31015
32279
34120
35880
34664
32776
32183
32391
32936
32679
32615
33416
32856
33032
34264
34696
35672
33304
32103
30567
32151
