32663
32039
32167
31399
33256
32407
32984
32279
33928
37833
36856
32663
32279
32711
34392
33736
32439
33112
32359
32840
33608
31783
32904
33416
32263
32471
35256
35464
34952
32551
32663
33112
33672
33560
31687
33256
31047
32615
31959
31367
31431
31479
31015
33928
33752
33672
35320
32455
29719
29703
31111
35240
31831
31831
32824
31671
33128
32023
33336
32615
31591
32471
36136
35432
34136
31799
32007
33304
33048
34040
33448
32327
31399
33000
32647
34728
33176
31895
32936
36024
34056
33032
31111
32103
31847
32391
33176
33080
31975
30519
30439
31975
32279
31783
30647
34152
33848
33416
32727
30743
30007
33368
34408
32776
29287
31047
31031
31367
32231
32183
33976
34856
36696
33896
31751
33128
33208
33864
34328
33368
31047
32231
32087
33240
34408
32920
34104
35816
35640
33736
33096
33048
33944
34600
32808
31559
33096
33832
32952
32583
31495
31207
33256
33880
36440
33368
31319
30919
31943
34952
32423
32199
30631
30663
31623
31655
33576
34152
34312
34024
32968
31015
31575
33448
32792
31799
31527
33160
31927
33304
33960
35368
34712
34760
32311
31943
33112
34776
32984
32023
32487
31527
32215
33480
33208
35400
35592
33816
31623
32856
33880
32856
33608
33384
33016
31943
32471
32359
34920
37721
36152
31975
30951
30663
32295
33688
33704
32279
32055
32247
33000
33496
34888
34968
33080
30599
30471
34104
33176
33112
30615
31191
33800
35992
34888
34392
33544
32215
31687
33624
32840
33288
31703
32423
32856
33768
37033
34776
34792
33832
32391
33000
33496
32215
32936
33096
34152
32439
33848
36760
34648
32455
32936
33688
34088
35768
33816
30359
32215
32615
32920
35016
35928
34328
33240
31319
32407
33384
32695
33432
31335
31975
32776
32279
34440
35000
35432
33736
32023
31239
32904
33928
33160
33448
32231
32455
32215
33176
35848
34760
33080
32776
31655
31015
32952
33608
32455
31239
30343
32647
36792
37225
33720
31303
30999
32952
34328
33736
31447
31303
32071
31959
32167
35656
36744
35976
32711
32679
33064
33480
33544
32824
32936
32087
30343
31687
32615
34104
33896
32183
31735
35784
36088
35304
34792
33512
32103
33752
34152
34056
34744
32023
31975
32792
33064
32535
32776
31655
31383
32471
36840
37193
34088
31543
30247
32904
34008
32904
32375
31783
31767
30519
32824
31703
30999
32471
31639
34152
35368
34856
31671
31623
31271
34040
33176
31815
32567
31959
32856
30535
32199
31911
32840
32343
34200
34952
35384
34312
33192
31767
33624
33304
32343
33528
32183
31655
32151
33496
32423
32647
33336
34296
33576
35096
34376
32071
33544
33864
32599
32263
32599
33208
31319
32455
32375
30839
34104
32071
31447
34856
35048
32551
32071
31543
31175
32423
34952
31015
31543
31063
30887
31399
32984
33704
34152
34504
34232
32055
31943
32167
33016
34456
32007
30791
31703
32071
33256
32872
32599
34968
35032
34008
32327
31575
32487
33480
33608
33944
32039
33000
31959
32824
31191
31415
36040
37097
34776
33496
33624
32151
33288
33496
35944
31383
32679
33432
32952
32679
32439
35944
35272
35848
32647
31399
31927
32776
32920
33976
31703
31319
31143
32663
33128
35416
35224
34760
32407
30887
31847
34392
32952
31879
31655
32407
32151
32583
34600
36856
33672
32535
30695
32023
32615
33592
32599
31127
30743
33384
34120
34888
35240
34072
33544
31431
32391
34088
34136
31719
33016
31511
30647
31463
36680
37289
34616
32519
31847
31639
33816
34504
33384
33352
32439
30775
30663
34088
35768
37289
35416
32984
30407
31975
34408
34696
32872
31591
31511
29591
30983
34648
36568
34328
32647
31559
31543
32311
33608
31927
31447
32535
32279
29991
32071
35112
36664
35128
32327
31111
32711
31367
32055
32663
31879
30183
31191
34104
35000
36168
34664
32103
31831
33080
33112
31927
30871
33672
32904
32023
31623
34472
37449
36056
32952
30759
31527
33384
33336
33592
31719
32391
32327
32151
31847
32039
34088
37433
37801
33880
31751
31319
32487
32087
33192
32583
31767
31895
32071
32487
31127
33528
35176
34488
33992
33896
31047
32215
33384
31831
34040
34136
33112
30295
31335
32407
34504
33704
32535
32087
32567
32247
31799
32247
32087
31111
32824
34184
35464
34024
31415
32199
32167
33880
31335
31927
33096
32439
34232
36312
34088
33320
31847
32808
33464
34136
35336
31495
31367
33480
36504
36664
33768
34376
31575
32023
33032
33368
33704
33192
32343
30775
33384
34888
36744
37401
34664
31047
31863
34744
32487
32263
33000
33784
31895
29655
30663
31319
33048
34904
35432
33560
32423
32519
31367
31319
32343
32183
31335
32824
32391
31031
31703
32519
31671
31799
34232
34136
33320
32087
31719
31191
32039
32711
32936
32391
32471
32583
31287
31655
30807
33624
32968
33352
33416
33416
32343
31879
31303
31687
32856
32647
34232
31543
32471
32519
32071
31879
31703
32519
33608
31143
31431
32103
33448
32679
31959
31879
31927
33608
32343
33736
32679
32984
32087
31383
32695
32055
33080
32647
31623
33128
32615
32039
32727
33464
31431
31719
32215
32952
32551
31911
31751
33864
32535
31911
32343
33464
33384
32167
33128
33624
35400
34520
32007
31751
32503
33864
34536
33640
31831
31895
33096
35176
34072
32776
33128
34344
32439
33800
33640
33176
33496
33576
34616
34888
34856
35160
32519
33768
33800
34568
34072
33496
33080
34344
35048
34152
34984
35016
33544
32199
33608
33432
34600
36344
33576
31623
32615
33608
35928
36056
34520
32968
32824
33096
33176
32071
32151
32968
32808
33832
36536
36824
35240
31831
32135
32391
32872
34024
33256
33160
31943
32792
32679
35240
36953
33944
33064
32455
31815
34248
34008
33944
31239
31431
31527
32151
33720
36776
36152
33704
32904
30487
32551
35128
34696
31991
31815
32711
31383
31127
32391
34120
36808
36680
33736
31927
31335
33368
34696
32792
33240
32263
31831
32023
33592
33192
32535
32183
33736
34520
33368
30135
31527
31431
33464
33720
32135
32167
30855
31767
32343
32936
33384
35832
35368
33992
31271
31863
32407
34024
33752
31751
33208
33128
32679
32663
31639
32311
36040
35944
35288
32968
31575
32359
32455
34968
34024
30951
32824
34664
33256
32215
31895
33288
35016
36248
34968
33720
32183
31495
33176
34696
33336
32343
31895
31767
32519
32391
31943
32792
34248
36264
38057
37817
33352
30295
29335
31575
31911
33800
31383
30295
31303
32471
34184
33096
34104
34696
33544
31399
31031
32215
34344
33688
31703
31591
32792
31415
33320
32952
34744
36568
35624
32407
31543
31703
33368
33656
33848
32936
32343
31751
32295
32471
33112
37641
36696
34312
32247
31255
32808
33432
32856
32647
32936
31447
31719
33160
32663
33816
36056
35112
34104
31639
30759
33336
33176
32840
32055
32519
32663
31911
31671
33624
34440
36280
34072
31719
32087
32695
33288
33112
32407
31175
31175
32663
32007
33112
35560
36024
32695
31319
31335
32968
33368
34232
32776
31255
31031
33144
33224
35160
34536
34648
34136
32343
31463
34536
32904
32279
32615
32567
32439
31831
32872
33256
35688
35464
33896
33224
32343
31831
34648
34984
33032
30903
32103
31655
31383
32663
35048
35352
34744
34296
32263
32039
31543
32279
33160
32936
32599
33112
31911
30391
31463
34776
35608
33176
33624
30823
33112
32199
31815
33256
31799
32984
31687
30471
32840
36953
37353
35544
29639
33000
34440
34248
31255
31879
33992
31191
30487
32343
33080
37289
37465
32519
31015
32231
32776
33576
33624
32583
32968
31591
32119
32167
33640
35240
38281
34600
30983
33384
33832
34744
32872
31623
30103
32695
31335
32679
35080
34648
34344
34056
32023
31943
32487
32952
32391
31799
31815
32055
30791
32679
34728
36168
35240
33480
31447
31303
