31031
33800
36376
36232
32984
32439
31159
31751
34296
33032
32007
31799
32487
32183
34776
35336
34824
34904
32231
32824
32824
33576
33000
31559
31639
30983
32263
31911
33928
35672
34728
33416
32984
31975
31175
35016
33288
31671
31927
31575
33176
31783
33048
33080
32824
35752
36312
36792
33496
32968
33720
33800
33736
33976
32647
31191
31575
31847
33448
32920
32872
32439
32087
34840
36152
34008
31303
31639
33960
33224
32455
32199
31719
31687
33176
34280
32343
32007
32808
33208
34968
33256
32295
32231
32311
31239
32679
33288
31367
31159
32391
32679
33480
32167
31015
32840
35848
33944
33496
32071
33368
32679
32776
34024
31975
32135
32711
31687
32215
33512
32920
32055
33704
35832
37273
34184
32519
32808
32904
32711
34472
32776
31415
32599
33704
32695
30951
31799
32615
31975
34712
35656
34856
33640
31655
32039
32039
33960
32551
30999
31255
32808
33000
32567
32808
31511
34712
33976
33304
32535
33256
34664
33288
31431
31847
33336
33160
31943
33176
33304
33512
34520
34184
33192
34552
31671
33640
33464
33256
32872
31815
33000
31719
32936
33720
34744
36248
35656
33928
32135
32183
33976
33416
32792
32519
32904
32087
32343
34248
34088
32711
33048
34712
34760
32327
32023
32151
33784
32952
31623
31415
31495
31623
33288
34136
33944
33608
33592
32407
31239
32151
32359
32663
31943
30967
33176
32215
32471
34552
35352
33736
32279
33048
32375
32615
34440
33240
32487
31559
31575
33992
33976
35128
35224
34248
34248
31623
32327
34568
34200
33288
31975
32423
32872
32215
33240
33208
34648
36760
34312
33672
31287
31399
34728
33768
31943
31751
32824
33352
31623
31399
32920
33720
36296
35112
33528
33080
31767
32311
35256
32583
30871
30999
30695
32055
31655
34232
35944
35352
34616
32199
32407
33320
32856
32455
32263
32103
33080
32487
31511
34920
37849
36328
33384
33416
31287
32279
35224
35272
32776
31191
30647
31783
34488
36840
36120
35032
33080
32776
32711
33336
33672
33592
32920
30935
31671
33384
35016
36120
35160
34776
32167
31191
34360
33928
32776
32471
32535
32583
32487
36056
36584
36056
30679
30855
33000
33976
33752
30983
30087
31111
33320
35512
36905
34712
31831
31383
33352
34456
34392
33288
31895
31319
32551
33464
36408
38217
35928
32487
31847
33320
33768
33688
33560
31975
32343
32263
32647
31191
33080
36232
37273
36088
33080
31559
33320
32872
32856
33704
31591
31703
31239
30791
31415
33176
35816
35112
34568
32872
30471
32007
31879
33576
32647
31479
30823
32151
33736
33784
30519
31047
35288
37817
37065
33432
31543
33976
33128
32872
33144
31559
30631
32952
32936
31415
32647
32071
34952
36008
37257
34392
31719
31399
33992
33128
32647
31671
31047
32007
31303
31367
32231
32647
31847
33544
37529
36056
32519
31943
29927
32519
34072
32247
31879
31175
32023
31543
29207
32711
33864
35240
35528
33816
30215
30679
34184
33864
32119
32007
33064
32583
32920
31335
31591
33240
33640
36200
35688
34568
33032
33848
33000
33560
32247
32792
32535
31287
31303
32984
32792
33112
33048
33592
34888
35848
32359
30935
32423
35016
33064
30999
30999
31751
32103
30215
32071
31911
34072
36200
34616
31111
31623
30807
33160
32872
31335
31159
30951
32583
32167
32247
32087
33976
35224
35592
34584
31975
31879
33560
33672
34024
31687
32167
32071
32055
31719
34312
33592
33960
36232
35096
32487
31655
31287
33320
33640
33352
32567
30823
30807
32135
33096
34056
34504
34136
34968
33368
30903
31239
32535
33768
31879
29895
32135
30423
30983
33576
34824
34152
34184
33048
31111
32599
32840
32968
32103
32519
32263
32039
33304
35560
34648
35528
33736
31639
31927
34264
33512
34408
32471
32695
31639
31303
33752
36440
36584
31703
32968
33624
34488
33608
31671
32295
31319
32215
31671
33480
37737
34824
32087
30215
31031
31911
33848
32103
31143
31303
31671
31479
32776
34552
35944
34328
32952
31127
32583
33928
32840
32872
32920
33048
31911
32295
33864
35640
35864
34552
32792
32311
32455
33480
34632
33400
29335
32535
32599
34232
31431
32103
34280
38089
34232
33736
32087
31415
31607
33480
31911
31287
29783
30039
32647
33064
33928
34712
35240
36168
32231
32856
32215
34392
33992
32599
31271
31303
33368
34888
33320
35480
36184
33688
33896
31111
32007
31623
34184
32487
32167
31783
32567
33224
33224
33752
36200
37129
32423
30615
31639
34312
34376
33000
31463
31879
33624
31207
32023
34216
35816
35976
33944
32119
31911
33384
32455
31847
33688
31031
32279
31527
32808
33304
34744
33784
32776
32487
32824
32824
32519
31911
33848
31031
31623
34376
36104
35912
31847
31815
32311
33832
32599
32711
31367
31063
33752
35608
36504
35016
32663
32151
32679
32792
33416
30759
31463
32455
33096
35240
36536
35032
32215
31127
32904
33032
33160
32920
32327
31767
31591
33464
35752
34136
35160
33512
33288
33336
32583
32567
33064
32679
32103
32551
30871
32135
33080
34120
31319
31655
36056
38169
36232
31879
30759
33064
33560
33800
31239
31767
31655
33000
32423
32039
32087
30823
31415
35080
35000
33512
32455
32904
31687
32936
33720
32519
31511
30935
33000
33176
31575
31927
33336
35800
36184
33848
32167
32936
32776
33880
32615
34008
31847
32711
33512
34264
31815
31895
32567
34792
35960
34312
33800
31671
33816
32663
33720
32087
31911
32583
31767
30743
31623
32808
32471
33432
36072
33688
30407
30903
32679
34312
32183
33064
30599
31319
31335
33208
32295
33448
35656
34664
32567
32103
32583
32391
33864
33288
32359
31415
32055
32135
32311
35096
36184
34568
33736
30871
31559
34552
33848
32840
33032
32327
31447
31783
33288
36120
37097
35032
32824
30279
31959
34120
34872
32039
31431
31943
33048
32792
33336
34952
36664
33384
30583
32231
33032
33112
32856
31655
30311
31111
33496
34920
34536
34568
31287
31303
31319
32183
34024
32663
31495
31175
31975
34184
36648
34360
33496
32936
32215
33880
33960
33976
31239
31895
31927
33256
34376
36889
35864
33864
31271
31847
32055
35432
34248
34200
30903
31063
31831
33496
35672
34888
34952
31895
30855
33240
33112
31703
32359
34072
32519
31191
31175
34104
35784
34440
33128
31527
30855
32824
35080
32455
30423
31111
31799
31127
32519
35336
35496
32551
31671
32872
32856
33080
30631
32295
31975
33352
35000
37849
37177
33608
28695
32055
32215
32423
32856
31111
30583
29319
31079
35752
37513
36520
33128
32023
31303
34248
32567
32904
32808
32135
30039
33016
33224
35240
34600
32391
30903
28919
32535
33720
33992
31399
31399
29927
32856
35736
35176
33624
30503
33592
32856
33816
33176
32840
33240
32567
31079
33848
37449
35880
33976
31207
31559
32808
32920
33720
32679
32808
31591
32792
35896
35224
34888
31975
33112
32007
32487
33576
32039
33000
32359
32167
34440
36264
34408
33640
32535
31639
33224
31239
31463
32455
31943
32808
33128
34312
36408
34856
31463
31335
33128
32695
32840
34184
31543
30551
33784
32904
34408
36536
34824
33848
32439
32023
34520
33992
32279
32055
31127
31639
33176
33496
34488
34760
35944
33832
31847
31591
32776
34536
33480
31367
30871
31495
31815
31783
33032
35928
36312
33640
32551
31063
33000
32824
31895
32343
31015
31079
33944
32679
31175
32247
37081
36424
33864
32247
32247
32968
33672
33944
31783
31543
32792
31415
32423
32343
31687
33960
36552
35288
33640
31463
31911
34648
32904
32615
31063
32231
32007
31943
31815
32920
34648
34648
33608
33064
31303
30311
32808
32311
34456
31831
31447
31127
32792
35496
34264
33352
31575
31687
32920
33032
33240
31575
31815
31591
33800
34072
35528
35128
34360
31111
31127
33352
33832
32199
31879
31879
33928
