31015
31751
35608
38569
36392
32776
31655
32231
32792
33336
33816
32679
31207
32055
34344
37561
37401
35752
31143
30999
32904
33992
32455
32327
32327
32151
32840
34616
35560
36184
33928
30663
31623
33448
34392
33736
31015
30695
32343
33928
35544
35864
33928
31815
30743
33112
33432
32824
32135
32439
30279
32295
36376
35624
35128
32984
29911
31399
34056
33176
31415
32952
30807
31879
35400
36905
36744
32439
29479
33272
33688
32792
32583
31911
31895
33256
32407
35096
37929
35400
32840
32663
32551
33256
33160
33272
31655
30407
31335
33112
31943
32776
35096
36248
35976
33160
31943
31575
33208
33352
31911
32135
30951
32647
31239
31799
31767
35576
35496
33544
32215
30311
31943
32968
32904
31655
30407
30231
31591
32359
33608
35480
36184
34312
31703
31815
33368
33032
32663
32119
31623
31639
31303
32231
35128
36456
36024
33512
31943
31495
33448
32920
32936
31639
30983
32087
33064
32776
34664
36921
34984
33560
31127
32359
32968
34072
32663
32503
31143
32776
33496
34984
35544
34408
32423
31671
32343
34184
33896
31063
31511
31047
31719
35256
37721
35512
34904
31367
31671
33048
34328
33048
31111
31175
32679
32904
35032
37209
35768
33096
31639
32599
32936
33416
33112
31943
33112
32391
31639
34888
36552
35928
33064
31911
33432
33576
33352
31655
32183
32183
32151
33320
34872
37529
34344
31815
31831
32279
32936
34312
32583
30807
30519
33736
35384
36953
34776
32615
29751
32071
33336
32663
34088
32199
31671
29959
32551
34024
36680
37065
32968
30807
30727
33640
32840
32711
31271
31255
31511
29783
34568
36921
36424
32247
31111
31543
32808
33176
32215
30919
31463
32311
34008
33672
35560
36280
35032
31959
32119
32423
33544
32824
31431
32968
31703
31847
31447
32695
33464
35160
36792
36152
33176
32151
32199
32647
33032
30487
29895
31879
32391
32968
30983
31319
32231
31847
35672
37769
35752
32567
31367
33160
34312
33000
31815
31031
31047
31767
32423
32423
31671
32071
31719
31575
33704
37449
36488
34728
31079
31383
34008
34248
33304
31735
31527
32135
32455
32295
32423
31751
32583
33784
35144
36184
33608
31783
32776
33448
32952
33896
33560
30727
31911
32695
31559
33496
35800
35672
34536
32343
31895
33864
33336
32103
32647
32215
31639
31287
31383
34120
37225
36328
34088
31447
32776
32936
32840
32840
32183
31639
31799
32423
34104
35896
36104
33832
33080
32679
32647
33176
32327
32856
32471
31239
30935
32039
32519
35880
37529
35768
32936
32487
32055
32711
33224
32551
31767
32167
32039
32103
32455
31799
31463
32359
35080
38025
34488
33960
30983
32872
33496
32583
32615
31831
31703
31783
31943
31079
31655
33432
36808
36232
33864
31543
30823
32487
34696
33064
31847
31719
32279
31719
32071
32679
31927
32647
34600
36552
36248
32808
31431
32359
34152
33736
32215
31991
31655
32231
32904
32904
32231
32055
32647
34024
36937
36744
34472
31703
31799
33336
34616
32311
31399
32007
32151
32231
33176
32567
30695
31831
33368
35880
35816
34600
31239
31591
33240
33624
33592
32055
30743
30359
32968
32567
31415
31463
32407
35080
35896
35640
33416
31239
32904
33736
33768
32487
31799
32615
31479
31703
31911
32455
32840
33768
35832
36953
34456
31687
31639
32535
34456
33848
32135
31175
31815
32263
33432
32295
31799
31383
33288
35656
35928
34360
31399
31255
32295
33640
34536
32135
31447
32519
32679
33208
31223
32135
33784
36360
35000
31655
30807
32551
33752
33544
31943
32471
31415
31911
31863
31511
32551
34760
37129
35608
34280
31335
31959
33768
33976
32856
31431
31879
32231
32663
32103
31255
33016
36232
36536
33816
32792
32263
33224
33064
33688
32519
32615
32199
31815
32952
32167
32904
32647
36488
37225
34376
31751
33496
34536
33992
33080
31671
32215
33736
32295
30695
31831
33064
35592
35768
34600
32503
32343
33368
33816
32952
31815
32071
31671
31847
32087
34024
36072
35848
32824
31543
33736
33960
33864
33160
32247
31831
31703
31975
32567
34152
36424
35624
34040
31303
32567
34568
33944
33160
30887
31319
32968
33448
31991
33272
35592
35544
34952
33048
32071
33176
33496
34632
33112
31591
32311
31751
32343
33064
33224
34136
35624
35112
34360
32023
32039
33352
33064
33544
32776
31447
31847
31911
31943
32808
33224
36072
34504
32840
31079
31911
33352
33304
32792
31911
31639
31047
31399
32423
33048
35080
35672
35192
32984
32263
32199
33928
33096
33256
31495
31207
32391
32936
32007
33256
35656
35944
34632
32920
31719
32151
33064
34008
33448
32279
30679
31879
32391
31543
33096
32311
35496
36392
34712
33064
32055
32824
33944
32984
32231
31191
32231
31975
32039
32295
31815
33352
35272
35160
33464
33272
31767
32663
34120
32567
32535
31799
31879
31639
31239
32039
31575
32567
34680
36840
36040
33688
32199
32071
32936
34024
32968
31527
31047
33112
32792
31559
32071
31687
31927
33512
35416
36136
34696
32471
32984
32455
34200
32920
31911
32039
32711
32471
32776
32247
32071
31751
32151
33928
35656
34600
34248
32087
32135
33048
34616
33080
32311
32183
32824
31783
31175
33240
32119
32519
34968
35144
33992
32439
32936
32936
33592
31911
33432
33000
31079
31575
32391
32792
31191
33448
35336
35512
33736
31959
31783
33672
33432
33736
31687
31719
32776
32439
31239
32647
32920
34696
35160
35064
33992
32872
32711
32711
33080
32487
32231
33208
32439
32039
33000
32375
32952
34280
35128
35224
34888
32327
31399
31895
33832
32776
32679
32647
32087
31511
33720
32615
33240
35656
35048
33448
31639
31863
33464
34504
31975
31159
31639
31879
32423
32471
33640
34280
34872
34520
32471
32023
32776
34216
33768
32487
31527
31879
32087
32904
32407
34680
36712
35272
33624
32407
32792
33640
33208
33240
32263
31207
32327
32199
31943
32984
35800
37193
34760
31991
32199
34408
32679
33304
31719
31159
32631
32535
32583
33384
35144
35480
34776
32551
31847
32936
34824
33112
32295
31351
31031
32055
35816
36312
35400
32695
32856
32343
33816
33688
33064
32519
31127
32263
34152
36360
37129
34520
33560
32551
33000
34008
33304
33672
32199
30807
31399
33608
36776
36520
34664
33080
31271
33048
33864
33896
31687
30503
32503
32439
33528
34200
35784
36184
35944
32087
31079
32199
34904
34520
31927
31559
31431
31959
34152
35736
36024
35784
32936
31207
31959
33032
32663
32679
32055
32103
31927
32279
33800
37177
36408
33416
31671
31319
33096
34152
33112
32936
31799
31319
31271
32695
35768
37129
36120
32023
30983
34232
33928
33224
32103
31719
32279
30535
31831
34840
35384
35688
33240
31687
32103
32055
32695
32551
31495
31031
31271
31303
33768
34600
34616
32247
30343
31895
33304
33192
32471
31383
31591
30535
33176
35720
35928
35384
33064
30807
34472
33288
33160
32647
32151
31111
33112
33176
35352
36328
34136
30775
31655
34104
32888
32984
31767
32151
31191
31831
31623
34152
36040
34136
32327
31175
31815
33080
33336
32439
31831
30375
30503
31159
33688
34712
37097
34056
32423
31831
32199
32551
33112
32615
31495
31367
31159
32359
34376
35448
34184
32471
31975
32567
32103
32439
32856
32071
31623
31367
31975
31767
35464
35368
34760
32615
31911
31799
33176
32071
33112
32840
31127
31447
31431
32327
34232
36440
36184
33032
31943
33288
33688
33096
33672
32023
31175
31223
31783
32167
32679
34280
35496
36568
34728
32776
32840
32567
33176
32615
32295
32359
32824
32167
33448
34072
34136
36264
38201
38761
35464
29079
26694
27270
29767
30167
29447
27158
27686
29991
31079
29271
28566
27606
28759
29111
28566
29655
30727
30855
29383
29111
29383
28743
30039
30343
30871
32455
34216
34776
33400
31943
31847
32551
