33512
33032
33928
33448
34136
35208
35272
33640
33384
33640
33128
34120
33352
31975
33224
33128
33160
32327
32792
34648
35528
34232
33880
33000
32776
33496
32888
32519
32792
32263
31975
33256
34392
35144
35048
35080
32023
31335
34408
33976
33064
33224
33208
32311
32711
34504
36264
35112
35304
32647
32055
33704
32615
34424
32071
33256
33192
32167
33688
37417
36696
33640
31431
31175
33832
33288
33992
33608
31991
30951
32199
33544
36232
34904
33384
33736
33832
33224
33592
33032
31879
32215
34072
32327
32984
33336
36905
35768
33432
32535
32776
33624
33112
33224
34120
33464
31559
32007
32647
32327
33320
32792
34584
35896
36104
33768
32519
32279
34120
33864
32295
32215
33416
32567
33864
31559
31751
35144
37033
36104
32952
31943
32247
33720
34472
32247
31575
32407
32215
32359
33064
32984
32936
34088
34536
37097
36424
33384
31959
32952
34664
34344
32904
32231
31463
32952
33416
32103
32055
32583
32263
31047
32984
33736
35592
37273
35672
34152
32535
32583
33432
33176
32407
30887
32904
32695
33752
32856
31463
32279
32615
33112
32952
35160
34904
36232
35544
34200
32952
32695
33432
33496
34088
32455
31335
31799
33064
32471
32551
32808
32599
31959
31431
33128
36536
36504
36232
34440
31511
33512
32231
29815
27814
25254
22485
23397
23589
23013
24101
30295
39673
40377
35736
37273
38537
38441
36168
35000
35912
36024
36184
32647
33240
33256
33384
33256
33320
34472
33304
31975
34440
35432
35464
34824
33544
34648
31943
32391
34840
33112
31271
32359
32663
32471
32615
32199
31207
32007
32904
35432
36552
34088
32343
31687
32599
33672
34888
32311
32792
32279
32663
32776
32776
32487
31799
33320
35864
35160
33800
32391
31767
32183
34440
32471
32231
31751
31591
31671
32199
32936
33000
33512
34184
34584
32776
32231
32311
32519
32327
31911
33384
33208
31895
31047
32647
35720
35608
33192
31943
31383
32904
33192
34008
33160
32615
31975
31527
33496
34072
36440
34296
32808
31591
32776
32519
34104
32776
32695
30775
31559
35096
36600
35736
34488
31831
30983
33128
34344
32824
32936
32183
32055
33000
34584
35000
34904
32007
31319
32247
33928
33992
33080
31927
32039
31127
33432
36456
36184
33800
32455
31815
32599
34008
34072
33416
33256
31287
32135
33528
35304
37513
35208
33864
32103
31911
33688
33464
33000
32519
30983
32055
32615
33192
34264
36072
34776
34152
31655
31975
33176
33640
33832
32776
31815
30727
33160
32663
33096
31623
32920
37449
36632
33544
32327
32840
33800
33608
32856
32695
32007
32679
32167
32519
31703
32391
33240
33800
35464
36200
34632
33624
33336
32968
33704
32920
33624
31079
32615
32247
31943
31207
32567
31943
32231
32647
36104
36824
33480
33832
32167
32391
33768
33976
31943
32599
31671
31527
33352
33208
32007
31783
31959
32311
34008
36296
36953
34712
33928
31879
33464
34104
32487
32840
31255
31047
33064
32183
32215
31559
31767
31511
32055
35176
37305
34616
32968
32711
32776
33624
33080
32968
32151
31383
32311
32279
31895
33288
32119
31175
31767
33768
35720
37417
36248
32856
31575
32279
33160
33864
32215
33112
32231
30935
31575
33576
32055
32295
33080
32711
34968
35736
36280
33032
32103
32792
34472
33064
33576
31367
31959
31831
33336
31223
31975
33176
31959
31719
34024
37353
35688
34232
32792
32936
33688
33688
32487
31799
31527
32952
32679
32663
32263
31671
32247
35080
35896
35032
32936
31239
31543
32487
33560
32551
32343
31239
31751
32295
34056
34152
35256
34504
31847
32407
31847
32279
33128
33736
31335
31079
30935
32439
33992
34792
36312
33864
32087
31447
33128
33064
33752
32583
32984
32808
33096
33112
34888
35576
35048
31543
31847
32519
32968
33992
32487
31639
31207
31959
36568
36312
35608
32647
31175
32119
33592
33848
33368
31815
31815
32599
34408
34904
34456
34008
32439
32904
32679
32904
33096
34280
32007
31015
31911
32615
35016
35544
34440
32840
31415
31431
33240
32776
33928
32343
32007
31735
30471
32423
33640
34664
35000
32551
31543
31623
32327
32888
32359
31143
31303
31927
31831
33080
33880
36136
34248
31575
32776
31831
33192
33160
33384
31991
32519
32343
32711
33704
33896
36472
34776
33064
31543
32856
34360
33208
33048
33176
32279
32199
34056
32679
31959
34232
35592
37081
33576
31287
31463
33336
34216
33944
31991
31127
32295
32055
32231
33432
32551
35048
34824
33160
31847
31655
31559
34648
33416
31303
30775
30823
32295
32199
32407
34408
36696
35208
32872
31559
32567
33624
33768
34264
31319
31767
33416
32407
32936
31399
35096
36104
35336
33464
31991
34088
33592
32615
33208
32647
32295
32471
32904
32856
32327
32936
34312
35688
34472
31991
31815
32087
33432
33336
32055
32215
32311
33224
32343
31799
33832
34392
34232
32984
31927
32599
33480
32423
31671
31655
32359
32439
31799
31687
34824
36648
35544
33928
32135
33160
33464
32295
33160
32167
32503
32679
32295
32279
34248
35112
36488
34280
33048
32103
31799
34216
33560
33256
32327
32920
31575
32103
32535
32952
33720
36184
36376
33832
33624
31415
32487
33048
33688
32343
31255
32663
31575
32039
32920
32551
33736
35096
35272
32984
30951
31511
32679
33208
33176
32439
31063
32279
33240
31911
33704
36232
36696
34936
32904
32327
33256
33752
33784
33048
32199
31751
32279
33288
33480
34904
36905
37705
33384
31303
33048
32984
34472
33112
31815
32792
31815
32279
31335
33608
38809
38745
35608
32471
31975
33752
33256
32087
31399
32391
33752
31447
31191
33976
35080
34312
28695
26646
32904
34616
32151
29079
25654
28262
28374
28470
31719
34344
33688
24758
29127
36248
39049
33336
26374
23637
26438
32423
35032
33944
37017
37929
34392
33064
32039
32615
33896
35288
29911
24165
24918
25878
27270
31207
30823
27430
31655
39049
39561
28550
20436
18804
17812
20068
24854
30807
32551
32615
33800
36120
36969
36921
36312
34840
36152
36376
36056
34616
33752
34088
34312
33672
33208
34440
36360
38345
38745
35816
32936
33480
34952
34536
32503
33032
32567
32792
31799
32167
33304
31703
35144
37641
37385
35512
32519
33048
34584
34568
33672
33480
31943
30823
32840
33208
33112
34488
35928
36856
34744
32423
33000
33864
34136
33128
31431
30983
32824
31847
33032
32519
32872
36424
38361
36056
33544
31767
33448
33288
33080
32615
33048
31447
31527
31687
31559
32808
32711
36312
37049
36248
33160
31591
32487
33352
34664
33768
32231
31239
33048
33464
33160
31463
33704
36056
36280
33928
32151
32455
32311
33944
34568
32856
31927
31575
32023
32439
33000
33976
35864
37209
34152
32487
32984
32599
33256
34328
31767
32263
32567
32663
32359
32231
34728
36072
36136
37001
32984
32039
33160
35464
34104
31927
32215
32071
32327
33704
32407
34760
37337
35944
34392
31015
31655
32343
33864
34152
33288
32615
32391
32135
32968
33624
35624
37705
34856
32984
33240
33336
34408
32984
32471
32968
32295
32375
32423
34072
37385
38857
34824
30743
28118
27014
26550
26838
28278
27926
27814
29735
33208
33512
32295
30375
30759
32695
33736
32856
32984
34312
32663
31543
29863
30407
29911
31655
35560
36776
34296
30391
28326
29383
31191
36744
40905
47435
47643
35224
27942
23653
24133
30151
33720
35784
38441
37369
36408
35496
41994
48587
46635
41034
38665
36776
36008
34856
33432
31879
34328
39593
37481
32920
30407
30695
28166
29575
32039
32455
32856
32583
32359
33016
33080
33080
32920
32647
32423
37993
37625
33992
31751
32263
34520
33352
35032
32055
32872
32279
32471
33544
34120
36312
36264
33768
32856
32968
33352
33944
32215
33464
33608
31639
31559
32776
34200
35240
35816
34136
33912
32936
32679
33336
32423
