31687
32711
33624
32679
33112
32647
35256
35384
34712
32968
32792
32968
33160
34056
33112
32471
32551
33256
33176
33896
33720
34744
35000
33960
31111
32535
33128
34344
32984
31447
32151
32856
33304
31383
32856
35272
37465
34904
34072
31703
33576
34888
33592
33368
31831
31383
31447
33240
32776
33800
36296
36616
35128
33624
32872
34520
34328
33176
33080
33032
33384
32215
31575
32615
32872
33048
35480
37257
37145
33368
32503
33608
34104
33848
32279
33176
32936
31783
31655
32647
32295
31623
35112
36104
36760
33688
31991
32455
32439
34024
33848
32343
31223
30375
33000
33432
32984
31159
33080
36120
36744
33704
31943
32423
32952
34152
33384
31943
32615
32567
31623
32599
32295
32407
34952
37577
36264
34024
32007
32279
34872
33320
32824
33048
31991
31591
31911
33288
32920
33032
35144
36680
35640
33496
31271
33080
34072
34344
34216
31751
31863
31703
31191
32359
35384
36264
35480
31927
31559
34504
33880
32567
32615
31623
32263
32407
33544
36328
36632
34216
31415
31767
33352
33896
33448
30823
31207
32599
32711
31815
33288
36248
36632
34760
31799
32023
33112
33688
32904
31687
33640
31255
31031
33016
31383
32071
35128
37705
35848
32872
32487
32583
32856
34232
33224
32103
30551
32231
32695
32295
32663
32535
31383
32343
35304
36408
35144
32583
31271
32631
32792
34264
32279
30807
30999
31943
32407
31767
32263
32231
32023
35224
35000
33272
32055
31831
33128
34472
33480
32423
31927
32311
33608
32375
31143
31255
32471
33736
36760
35416
33816
32952
32567
33256
33832
33304
31639
32135
32599
32423
32183
33848
32487
33016
35144
35016
32808
32824
31959
32984
33064
32920
32471
32199
32439
31879
32007
33112
34568
35224
34584
33608
33080
32471
33112
33480
32199
33112
32535
31383
32167
33224
33416
34792
34312
33224
32135
32359
32920
32279
33288
31591
32968
31783
31287
32359
34600
34984
34904
33032
32263
32359
33592
33336
33096
33608
32840
32519
32551
33048
32968
35112
36184
33752
32872
33544
33704
32183
32551
32567
32327
32231
31415
31751
34040
34776
33672
32247
32872
32071
32936
33320
33448
32471
32936
30903
31415
33640
36104
35032
33832
33816
31927
32631
34360
33864
32984
32039
32023
33320
32920
32087
35160
34920
34840
32792
31767
32776
34296
33208
31111
30471
31527
32711
32583
31879
35688
34056
33240
32407
31655
33048
33416
33208
32231
31991
31687
32439
33096
32968
35256
35752
34600
32135
32663
32936
32920
33688
34008
32487
31383
31799
32567
33480
34984
35720
33864
31815
32824
33864
33384
32920
33384
33256
32071
31703
31079
33592
33448
35880
34040
32119
31959
32423
33032
32888
31527
30983
32487
30983
32856
33368
34584
32920
32423
30823
31591
33416
33544
32663
31879
31511
31815
32663
34216
35256
33608
32215
31751
32519
32840
32968
33432
33736
31703
33000
34952
36024
34648
33192
32055
32792
33432
33944
32872
33704
32055
32263
33624
35096
35336
33864
33752
33336
32311
32856
33976
32856
31399
31079
32231
33384
35720
35000
32904
32311
32359
32968
33848
32343
32423
31255
31495
33752
34952
34504
33080
32423
31207
33032
34984
32824
31159
30999
33144
32872
35032
36696
34872
33592
32343
31895
34024
34536
33224
32087
33320
32391
32792
33592
36488
35464
33496
31527
33160
33944
34344
33032
31687
32439
32936
33224
31207
34008
35256
36808
33848
31943
32119
32263
32599
32952
32904
32343
32007
31511
31879
31991
34296
35656
34840
32359
30647
31367
32199
33672
31879
31063
31511
32455
32007
33688
34824
35496
35912
33432
31015
33800
33960
33608
32936
33512
31719
32167
32824
31815
35048
35800
35112
33416
32231
32231
34104
33464
33448
32007
32167
32151
32455
32343
35416
36520
36296
33256
31031
33416
34120
33704
33160
31623
31735
31495
32295
35224
35608
33880
31447
31975
32647
33288
33512
31095
31303
32375
31831
34376
35768
35496
33000
33080
32231
33256
34440
34120
32103
32023
31799
32551
34456
36296
36440
34600
32119
31639
34248
33976
32936
31031
31511
32519
32856
33256
35496
36792
35688
31607
31943
32984
34248
34152
32183
31543
32055
32423
31831
33240
36376
37081
33560
33608
31895
33576
33960
32519
31783
30743
31063
33016
33944
33848
32471
33496
32007
31367
33064
33448
32567
32167
31031
32583
34184
34696
34072
32663
32151
31783
33752
33096
32487
32151
32103
33000
34856
35336
35752
32007
30727
32872
33992
32808
31719
32391
31815
33160
34728
36168
33000
31879
31591
33256
32872
31959
32663
31895
31111
31959
31991
31895
32279
32311
32968
34472
34488
34904
33112
32391
33496
33976
32840
31911
30647
32311
31767
31591
31431
31655
32199
31831
32247
32279
31335
30871
32487
32327
32423
32872
36120
34456
34664
32471
32263
33128
33064
33288
32872
31879
32055
31207
30887
32423
31543
31975
32167
32455
31143
31943
33384
33736
35336
34792
34760
32455
32183
33528
33192
32007
31895
31527
33000
33096
32215
32279
32039
31895
32968
32295
31815
32327
33992
35384
35512
34904
32663
32776
32535
33912
32904
31943
32007
33000
32824
33256
32695
31831
32407
31751
33048
33416
34248
35816
35784
34104
32183
33144
33640
35160
34760
32776
30823
31159
32071
32519
32535
32856
32856
32567
31255
34824
36024
35800
33864
31271
31399
32984
34344
33000
31847
31575
31751
32119
31655
32167
33848
35048
35048
34264
32679
33304
33480
33064
32599
32455
32695
33032
31479
31799
32968
34776
36168
35288
33736
33160
32295
32792
32904
33704
33256
32183
32183
32808
33880
35784
36648
33928
32135
33640
33624
33752
33288
31303
32391
32936
32551
33192
35720
36937
34264
31511
30775
33992
34456
33208
32679
32023
32968
32295
35208
35800
34216
32615
31719
31959
33736
33368
32904
32055
32071
33512
36216
35768
34440
32711
31607
33640
32776
33944
31383
31847
31799
36200
37113
35080
34024
32647
32071
33192
33816
34456
33352
31639
32327
35384
38041
36664
33992
32279
33128
33816
34008
33368
33000
32375
32840
33304
35064
38537
34344
31319
30855
32167
33848
34472
33080
32471
31911
31975
35208
38009
37273
32455
31527
32968
34024
33688
33384
32471
32872
32567
34344
37321
37961
34616
32615
31031
33288
33320
33640
31783
31303
31847
32247
35000
37561
37961
35272
32856
31495
33848
34712
32679
32039
31015
30535
32872
31943
32808
34520
37929
37657
34600
30647
31447
32487
33448
33000
30103
30519
31479
31831
31511
32199
36248
35976
34536
30343
30631
32711
32503
30599
31431
30759
31527
33160
31335
32808
37241
36008
34392
32055
31255
32391
33128
33768
33128
30967
32039
31399
32792
33000
35768
37289
35016
31959
32391
32327
32327
33080
32840
32407
31927
31447
31319
32647
34888
37305
35912
33592
32487
32423
32263
34152
33128
32583
31159
30727
33384
31719
32135
35272
35416
34728
32840
30855
30503
32583
33272
31223
30343
30983
30151
31863
35112
36040
34776
32311
30423
31447
32055
33320
32535
31239
30919
31671
32471
35368
37033
34696
32071
31111
31447
32535
33256
33320
32359
31847
32023
33880
34632
36760
33864
32599
31927
32167
33256
34088
32856
31655
31015
31767
33256
35272
37513
34952
32567
32808
32103
32391
32679
33176
31575
31319
32327
33272
35032
35000
33672
32824
31431
33288
33320
33816
32215
31815
32007
31815
35240
36424
34328
33240
30823
32407
32840
33320
32583
32087
30951
33192
35544
35160
34792
32327
31687
32039
33384
34376
33304
33768
31719
31863
35384
35704
34264
31639
31239
31847
32808
32551
32423
31511
30903
33592
37257
36776
30919
29319
30375
32199
32199
32423
31703
31767
31255
34280
35256
35032
31671
31719
31447
32487
33384
31879
31991
32311
32872
34312
35656
35528
33528
31399
32535
