30647
36136
36921
34632
31543
29863
32103
33848
34728
32343
31671
32167
32776
35464
39241
37305
33784
30951
31895
33848
34216
32663
32007
31015
30407
32840
34920
35432
34296
31655
31047
32679
31783
33496
31527
30855
30567
31047
33240
35496
35400
32904
32039
30695
32135
31623
32311
32247
31879
30567
32824
34408
36889
34152
32615
31175
32663
31895
32503
32183
31543
31639
31847
33080
36488
37337
33976
31719
31431
33096
32824
33464
32103
31639
30951
34888
36488
35848
35240
33864
32151
31847
33096
33576
32327
32039
32167
33064
32167
32503
34904
36328
36360
35000
31399
32023
33480
32872
31959
30743
31399
31719
32311
32295
32792
35368
36744
36520
32808
32071
32231
32936
32920
32087
31063
31591
32231
31319
32215
33160
37481
36840
34088
32103
31511
33464
32215
32872
31191
32071
32055
30983
32711
32343
33864
36616
35896
35384
33352
31383
31783
33384
33464
32135
30679
30791
32327
31703
32519
36008
37449
36296
33080
31927
31799
32936
32599
32695
32647
32087
30695
31671
31431
32423
33688
37209
36584
32663
32167
32263
33704
32615
32856
31991
32631
31047
31431
32439
32936
32984
36921
37705
35736
31287
30247
32583
34104
33432
31703
31335
30951
31527
31927
31351
33752
38185
35560
34632
32199
32183
32968
34408
32904
32327
30279
32583
32311
32007
34648
35880
36056
34360
32471
30807
31879
33384
33192
32872
31495
30679
32103
34152
35624
35224
32647
30791
31527
31911
33352
32263
32055
31399
31703
34152
36312
37193
34632
31527
30423
32984
33832
32679
31959
32039
31415
34824
37097
37705
34120
31239
29895
29543
28102
28390
26902
24582
26406
28855
30183
27814
28310
27574
29095
29943
32279
33832
31143
30263
29559
33480
35400
35336
33160
30455
30135
31367
31687
32856
32039
31639
31303
31703
32263
33416
36840
37481
34008
30983
31623
33592
32279
32599
32936
31895
33048
32519
31559
33816
36168
37001
33592
32183
32295
32872
33752
32808
32679
32167
31575
31383
33000
33496
34664
36136
35304
33048
32103
32343
32503
33160
32359
31831
30919
32039
32167
32824
35784
36873
35432
32920
31847
33368
32535
32487
33224
32808
31415
31319
32167
34088
36440
36536
34408
32952
31927
33224
33960
32824
32455
31943
31831
31655
32711
34392
36776
36072
35256
31431
33112
32487
34456
32856
32663
31623
32487
32087
34120
36184
36744
35160
32455
32007
32231
33624
32455
33816
32663
31063
31815
32103
34824
37641
36504
35464
32071
32087
32679
33672
32824
31479
31095
31207
32808
33448
33096
34920
37801
36184
33544
32519
32183
32968
34456
33448
31639
31367
32695
31575
31799
32279
35288
37977
36328
34024
31879
33128
33368
33560
32872
32343
30935
32103
31335
31895
34904
36937
36152
33992
32808
32567
32135
32824
32824
31399
32103
33240
30919
32519
36296
37129
36824
33112
31639
31751
32968
33800
33096
32359
30775
30775
30519
32439
35624
38329
36905
33928
31687
31975
33192
33464
32904
32343
30887
31319
32375
32279
32071
34792
37737
36808
34184
31687
33544
32471
32535
31895
31207
30727
30791
34056
31399
29879
31543
34408
37225
39193
35608
32888
30503
31575
33080
33320
32455
31767
31623
31463
30855
31463
30807
34024
37417
36584
34376
31879
31271
32455
34440
32215
31079
30999
31495
31175
31111
32215
33736
36568
37257
35608
33976
31111
32824
33240
32599
32183
30679
30871
31911
32711
31607
32439
35208
37049
35800
33128
33800
32936
33256
32311
31511
31591
31431
31783
32663
32311
31847
33816
36760
36536
34472
32199
31351
32776
32904
33304
32295
31671
30791
32199
32776
32599
34264
35544
36584
33464
30471
32151
32808
31575
32183
32391
30695
31047
32904
32359
37161
37385
35512
33256
32007
32119
34120
33144
31847
32295
31399
31639
33576
38345
38233
35208
32952
31079
31911
34376
34472
32487
31287
31879
30375
31927
36648
37017
34856
34200
31431
31687
34072
32824
32471
32231
31687
31703
33752
37353
37449
33640
31575
30679
32087
32872
32984
31479
31127
31367
33512
36616
36312
33448
30503
30743
31575
33016
32455
32247
30999
31159
34696
38441
37449
32840
31895
32039
33480
34600
33032
30935
30519
31639
32391
34472
37529
37305
35880
32615
31591
32535
33000
33896
32647
31975
31335
31223
32535
33608
37913
37961
34632
31111
30519
32391
33304
33496
29895
31815
31719
33240
31911
35352
38697
37145
34360
32599
32199
32679
32519
32215
32183
32439
31911
30871
32007
34104
37273
37801
36184
31847
30647
31159
32695
33736
33320
30775
30855
32343
31959
33352
33672
37321
37145
35048
32455
31847
32423
32968
33336
32071
30951
32423
33336
32487
30903
33928
37433
36824
34456
30983
30119
31191
33960
32647
31127
30695
30103
31847
31527
31079
33608
36696
36296
33368
30423
31191
32423
32904
32952
31543
30999
30647
31815
33528
36008
36200
35656
29895
30615
32007
33176
33304
32471
31927
31159
31623
32792
35480
36921
36744
34904
31943
31511
34008
33592
32103
30999
31607
31655
31799
32519
37289
38185
35288
32904
31927
32295
34120
33384
32695
31687
31783
32231
31495
32311
33880
36616
36824
34872
32583
31255
33128
33016
32279
32087
32840
31159
31271
29991
31911
34296
33608
31255
26214
26278
26566
28983
30615
29591
29479
29207
29479
32023
33576
34184
33304
30807
29031
29399
31031
33272
31191
30759
30007
31175
32151
34216
34856
33704
32263
28919
30519
32920
33032
31543
31879
31015
30039
30071
32039
33640
33624
32968
30359
30599
30679
31463
32103
31847
30903
31495
31367
32087
34664
35864
33480
33640
30903
31463
32343
31367
31815
30663
29751
31911
34376
37001
36328
35336
34888
35880
36376
36024
36456
36584
37641
41914
49436
47723
40681
33592
30487
33448
35784
36024
33240
30151
27270
28310
32567
36520
37657
34984
31719
31431
33624
32872
33496
32455
32567
31591
30647
32776
35528
38025
35912
32519
31239
32599
32519
32375
31415
31239
30631
31783
33224
36937
37961
36408
31127
30087
31367
32327
33672
31799
31239
30391
30759
33032
37337
38601
36328
32135
30615
31783
33064
32439
31591
30807
30567
30183
30727
35352
37241
36120
32471
29751
31223
32936
33160
31495
30503
29351
31367
34904
37513
36424
32936
29671
30999
33128
32824
30567
29479
30103
30775
33752
38249
38681
35896
31559
30599
31895
32471
32583
31943
30791
30359
30167
30103
32824
37929
38617
35384
31927
30135
31559
33624
32615
30903
30823
30391
30055
30855
31175
31591
33224
37385
38873
36008
32071
31319
31559
33944
34056
32904
30663
30791
31431
30727
30919
31623
32023
35096
38249
37513
34568
31623
30663
33576
33832
33736
32407
31287
30919
31751
32039
34440
35992
37033
34120
31463
31063
31847
33000
33288
31879
32215
31303
31479
31399
34344
36744
35016
32615
30615
31911
33736
33512
32679
31975
30855
30567
32103
34856
37417
36328
33176
30375
30631
32808
34904
31671
31591
30727
31623
35096
37513
36856
33432
29703
31783
33352
34072
33688
32103
30903
31751
34184
36568
37289
35032
32872
31511
33128
33944
33032
32487
32135
30919
32151
35640
36840
36712
32647
30247
31623
34072
34504
31959
30871
31623
31927
33496
36392
35944
34312
31511
31879
32663
33256
33416
31671
30903
32231
32808
37065
37001
34392
31543
31447
33864
34232
33240
31527
32311
31959
31463
33112
37577
38329
35096
30983
30871
33608
34088
32583
31703
31447
30631
31847
31287
33384
35800
37753
35816
33080
31047
32343
33800
33288
31319
30695
30807
32135
32247
32199
35592
37001
35880
32631
31287
32151
33704
33416
32920
31911
31399
31623
32231
35128
38105
35416
32039
30871
32663
33768
33624
33192
32295
31111
31783
34168
36424
36744
34104
32359
31479
33576
33512
32808
32583
31847
31335
