33672
36056
35976
33256
30871
32023
33288
33336
32551
30823
31015
31447
32151
32343
33544
34968
36232
34072
31335
30679
33096
34264
33960
32167
31399
31079
32471
33976
32471
34008
36808
37353
34568
33048
32359
33592
33208
32856
31959
31239
31239
31879
32359
33224
33368
35208
37609
33880
31911
31719
32263
34312
34456
32183
30631
31639
31239
31975
31431
34744
36424
36776
33256
30951
30359
32792
32824
31751
32279
31559
32151
30887
32391
35000
36488
36232
33672
31239
33240
32776
33592
33160
31159
32567
31367
32824
32055
34696
36648
35896
34344
32583
34216
33208
33048
33592
32936
31383
32776
32279
32327
31799
32615
36040
35800
35224
32279
30823
32183
33544
32615
31767
31335
31815
32840
30983
32872
35864
37321
34840
32695
30279
30759
35704
33560
32375
30855
31591
30791
32583
34984
37369
34344
32423
32215
32647
33416
33496
32920
32391
31895
31447
32215
36264
37113
36488
33800
30759
33416
32727
35224
33672
32087
31047
31335
33864
35336
36536
34904
32231
31591
32087
32551
32583
33336
32311
31111
31847
34376
37593
34680
32359
31575
33512
34328
32776
32055
30855
32215
32359
36280
36905
36008
32535
31783
32343
33192
33336
31847
32695
31671
32471
34568
36104
36792
35080
31287
30631
32183
34312
33592
32183
31847
32343
32279
32471
33624
34744
37017
35240
32487
30983
31687
34840
31783
30695
30631
31639
31767
33080
32183
31927
30599
32199
30439
31143
33688
35544
37177
34712
32551
32599
32984
33304
32295
31959
32872
32007
31927
32231
31927
32904
32711
31175
31335
32936
33816
34904
36184
34088
32776
31255
31975
34056
32519
32808
31975
31319
30023
32856
32471
31543
30647
31015
32343
31655
32455
33256
34696
33368
32103
31959
32936
32824
33512
32055
32663
31303
32199
32615
31703
32808
33256
32407
31255
33064
34712
34664
33208
32936
31751
33672
32663
33192
32647
32263
33320
32920
32007
31655
33448
32343
32151
33672
33384
33944
34600
34744
32776
31783
33288
33720
32663
32087
32663
31495
31815
32199
33416
31559
32487
32599
32423
31463
33288
34264
34408
33608
31175
31943
32391
31303
32679
32263
30903
31959
33048
32856
32087
31959
32920
34504
34120
33864
33368
31767
32039
34312
33960
32407
32808
32792
31671
31927
31799
35208
35640
34648
33224
31943
33736
33384
34920
33640
32567
32295
32151
32888
32679
35224
34824
34600
33176
31703
32471
33064
33592
33560
31959
32455
31703
33800
34264
35192
35032
33288
32647
32776
33336
33384
34152
32647
33192
31911
35016
35784
34248
33096
32984
32663
33368
34152
32984
32119
32039
33288
34280
36744
37433
34920
33720
32599
33624
33752
32920
33512
32439
32471
32167
32551
35608
37961
35048
33384
33464
31639
33176
33224
34232
32615
31495
32343
33032
32695
31751
33944
35784
36200
34968
32920
31671
32311
33160
33256
32695
31767
31959
31911
33128
31799
32840
33560
33864
34472
34456
33064
31511
32711
33256
33160
32071
31431
31879
32663
32327
33096
32023
33864
36392
34600
32599
32471
32087
32471
33992
33288
32439
31319
32824
32343
32840
32792
34264
35512
35304
32952
32103
32856
33928
33496
33768
32215
32071
32151
33240
32615
32968
34408
35384
36520
33480
31687
31543
34120
32663
32968
32872
31671
32007
32615
33208
33896
35144
34360
34008
31831
31575
33576
32647
33160
32663
30727
31687
32263
33576
34856
35128
32263
32679
31495
31591
33480
32423
33384
31383
33304
33752
34392
35400
35160
34392
32071
32936
33640
33304
33288
33928
33112
32071
33352
35048
37065
35336
31879
31943
32103
33688
34360
33752
32007
31591
32792
32455
34136
35544
35784
33800
33528
33560
32824
33176
32551
33752
31623
32904
32087
33176
34008
35848
33592
33272
31751
31703
32023
32695
31559
32535
32824
33128
33864
35688
34216
33576
32567
33976
33432
32824
32183
32711
33464
32535
31911
33192
35528
35752
33512
31287
32215
33160
33608
34360
34568
32567
31959
32471
33592
35864
36008
34296
32151
33496
35528
33080
34776
33544
31527
31671
32471
34328
32183
33240
35112
34584
33048
31655
31143
32567
33096
32407
32167
31847
32199
32615
33496
35176
34104
33704
31671
31191
33240
34840
32936
31239
32327
32776
34504
36008
34616
32647
30983
32679
33736
32968
31543
32679
33128
34648
34776
35752
33192
31111
33992
32856
34008
32792
30919
31975
34056
36120
35560
34488
32151
31719
32615
32567
32343
32679
32279
33208
32904
36232
36873
34136
31703
32007
33064
33096
31271
31751
32583
31415
32663
30855
33800
37257
36136
34408
32663
30903
32984
32455
32808
32423
32167
32135
33128
32904
31543
31543
31799
35336
36520
34136
32263
31879
33144
32952
32279
31703
32167
31655
31623
32311
32215
30519
32151
32647
33512
32984
34776
31207
31447
33032
33464
32455
33480
32952
31671
33080
31975
31911
31943
32551
32792
32183
32183
31831
32840
32039
32023
31799
31447
30759
31463
32808
32311
32263
34264
32423
30567
32311
31911
33272
32567
32599
31287
32151
31639
32920
32984
32615
31623
32055
33000
32840
31639
33336
33496
33432
33160
32792
33064
33336
34552
32359
33464
33240
32567
33192
32327
32039
34072
33944
33944
33432
32968
33304
34200
33800
33672
33640
33096
33848
34088
34600
34312
32599
33576
33224
33448
33240
32808
31943
33128
33576
34600
34712
34280
32279
32647
33288
33096
32023
32183
32904
33304
35272
34472
33928
33544
33352
33800
34344
35000
32423
33880
34520
34920
36648
36520
32904
34376
35368
34824
34584
33944
32279
34744
38233
38073
36408
33976
33000
34424
36392
33624
34328
34296
33624
32984
35352
37705
35976
33880
31831
32936
34200
33608
32263
32055
31495
33048
33608
35464
35416
32199
30599
32119
32455
33208
31271
32327
31319
30775
32407
35464
35608
35176
33416
32695
31175
32968
34360
33208
33368
31623
31847
32535
36905
36520
35288
33416
33112
33112
32407
34264
32279
33208
32407
32343
34408
36856
35880
34504
32471
31655
33032
34712
33000
31719
31815
32968
33528
34312
35672
35112
33800
31575
32311
32519
32039
32647
32071
31367
32055
32824
35176
35896
34008
32023
32423
32151
33384
33304
32551
32984
32904
32167
34360
38057
36648
33432
31863
31607
35016
35560
32792
32599
33560
33192
32872
35304
37401
36040
33624
32071
33000
35032
32135
34440
32279
33000
32808
35096
36040
34968
33896
31527
32695
35608
32551
31751
32071
32567
34728
36696
35896
33640
32391
33144
32872
34664
33640
31015
31159
32904
33608
37145
36408
33000
31831
30487
32727
32920
32776
30983
32920
33160
31511
32519
34504
34904
31911
29863
33112
34280
32984
31895
32471
30695
33064
33384
35720
35736
34504
32487
31063
32023
34632
33224
32519
33336
31527
31415
33176
36568
35736
34312
33064
31511
31927
32984
32984
33592
32167
31111
33192
33752
34968
35928
35928
32423
29591
31319
32647
34120
33224
31479
30183
31015
33272
34568
35032
34536
31799
31975
31623
32359
31751
31463
31415
31175
31975
32856
35576
35336
32647
30983
31591
32455
33304
32583
33112
31431
32391
33496
35560
36424
33944
32071
31383
33096
33336
33768
33560
33064
31719
33224
33560
36328
36120
32936
31511
32695
34984
33736
32840
32039
33720
31895
31655
30935
30455
31079
32824
33800
35384
34968
34216
34008
33048
31175
32471
33704
33816
34968
35384
32519
30631
32359
33928
32840
31495
31703
31559
31847
33880
36104
36760
35896
32231
31095
33160
33880
33448
31895
32295
33640
33768
33624
35864
36152
34376
32551
32359
35160
33208
33432
32551
32407
32343
33720
37305
36873
34920
33080
32135
32343
33752
33240
32519
31367
30871
31831
32199
32423
33736
35416
33800
32151
30823
30791
33048
33944
33304
32423
31879
31303
32167
32039
