32776
33288
33464
33240
32007
32407
35880
37769
35336
32007
30903
32952
34664
33064
33112
32423
31927
31831
32167
33848
36600
36264
33256
33032
32455
32327
35080
34168
33224
32247
32647
32391
32711
34536
36536
35464
33464
32439
32183
33000
32151
32679
32615
32391
33576
32519
36072
35512
34184
32904
32263
31959
33688
33464
32183
32231
32904
31815
32583
35800
36792
34968
33576
31751
33896
33768
34456
33576
32647
33736
31111
32247
32824
37353
35256
35384
32455
33240
31559
33544
34184
32407
33032
31639
32455
32071
32904
34280
37161
35064
32471
30183
33080
34248
33480
33800
30807
30551
32984
33208
35736
36168
35416
32327
32904
32583
32679
32663
33736
31783
32583
31655
32840
33464
35704
35656
35400
33192
31943
31863
33192
35240
33592
31303
29975
32199
33064
33032
34408
36248
36056
33960
31831
32343
34728
35048
32920
32423
31975
32407
33192
32343
32535
34120
35768
34904
34952
32567
32231
32711
32920
32247
33512
32183
31847
31751
32199
35608
36776
33672
31927
31847
32263
33624
33464
32519
33240
30983
31367
32824
34760
36744
36072
33416
32551
31527
32183
35000
32343
32423
32007
32199
31911
32920
35432
37225
35656
32471
32055
31943
32599
33816
34216
32407
33208
31671
32583
33240
35928
35496
34008
32631
32824
32776
34104
33560
32151
32071
32904
31943
31911
34856
35496
35800
32007
30199
32551
32535
33032
31879
30887
30823
31815
34008
35864
36248
34280
32455
31127
31783
33848
32263
32439
30663
31911
33352
35112
35816
35032
32023
31575
31159
34776
33672
31063
32279
31703
31911
31639
34200
36056
35400
34440
33720
31831
31799
32904
31591
31767
32055
32872
31943
33688
36296
35640
33432
30935
30823
32215
33848
33992
31399
31191
31143
32135
34184
38585
35080
31943
30503
31719
33320
32135
31975
32103
32263
31223
31239
33560
37305
38425
33464
31831
31319
32295
33128
34024
31911
30727
31367
32103
33032
33304
35560
35480
35928
31943
31303
32199
33576
33672
32023
33048
31543
31415
31655
32904
33752
35304
37033
35848
33560
31671
31959
32439
33352
32231
32359
30615
31911
32359
33160
33848
35464
35048
33800
31335
31287
32535
32183
32359
31559
30999
32792
32519
32711
32407
33992
36584
37177
34600
32135
32487
33560
34472
33256
32647
30631
30743
32295
33704
32920
34968
36280
35176
33528
32183
31735
34728
33032
33160
33368
32039
30999
33480
32135
31495
35240
36504
35400
32808
31431
31671
34728
32936
32679
32263
31575
30951
32039
35128
38393
36056
30919
29927
31639
33688
34248
33352
32567
30279
32359
31767
33032
37897
37225
33896
30903
32103
32952
34408
33592
31191
31687
33688
33000
31095
33752
34120
36376
35688
33240
31959
33000
33096
33736
33080
33624
32055
31703
32071
33128
31511
34408
35928
36280
36008
31255
30775
34392
33928
33128
31703
32872
31815
31735
31399
31287
33768
35096
35688
34280
32071
28646
33176
33624
33128
31383
31671
31047
31911
32904
31927
32567
34712
35800
35768
33768
32055
31511
32840
33688
33544
32423
30359
31831
32856
32936
31271
32647
33496
36488
35816
33976
32808
32984
33416
34184
33608
31831
31543
31543
33608
33512
32391
32407
31719
33832
36040
36873
34744
32936
30935
34040
34488
33192
31559
32199
31319
30759
32519
31799
33896
35688
34760
33576
32840
31767
32599
33192
33368
31687
31367
31303
32391
31767
32423
33384
35512
37897
35256
32263
32247
31543
32455
33224
32071
32920
32311
32455
31655
32663
33416
32872
33800
35480
35656
34280
32647
32167
33848
33896
32599
31911
33000
33336
31783
32279
32439
32631
32551
32359
35144
35048
35800
33032
31879
32423
33928
33192
31495
31367
32872
31015
31383
31303
32295
32055
32583
32023
35016
34952
33208
33384
31303
32359
32215
34520
34232
31383
29847
31079
34376
31975
30599
32215
33352
34984
36376
34456
30967
32359
34232
32567
31783
32776
31815
32936
33672
33448
32519
31703
31511
33608
36504
35176
34104
32199
31495
33080
32920
33352
32824
31783
33416
31767
31175
32023
33736
34536
35432
35112
33304
32215
32840
32904
34088
34408
33240
31959
32247
32792
35000
35992
34552
32808
32167
32663
34552
33544
33816
31783
31399
31751
33752
35816
36200
35432
33912
32343
31959
33880
33128
32327
33256
32647
33032
32407
34200
36873
35752
33336
32984
32904
33832
33032
32007
33416
32936
32535
32535
31671
33288
35480
36584
34312
33256
31831
33496
33896
34280
33432
32455
31591
32279
33992
34216
35464
35128
33352
30983
31287
32359
32311
31527
32535
34056
32599
30279
31111
35272
36392
34280
32872
31559
32711
33944
34232
31927
31239
32952
32583
32663
33944
35336
35656
33000
31687
32199
32615
32792
32840
33256
32679
31175
32471
32711
33928
34760
33752
32295
32920
31799
33224
32535
32776
32151
31543
32263
33960
33992
35992
33816
32087
31751
32984
33848
33944
32279
32359
32599
31751
33288
34776
35304
36392
34024
32263
31575
33800
35176
33416
33096
32167
32007
32391
33336
33800
35304
35320
33368
31831
31655
34456
32904
32647
32023
31815
33160
32359
33512
34344
35784
33624
31543
31175
31591
33944
33496
32087
31239
32039
32215
32327
33048
35304
35224
33912
32375
32599
32952
32792
33128
34488
32407
31767
32151
32792
33960
33720
36184
34888
34360
33464
31015
32455
34456
34904
32471
31751
32872
32647
32135
32808
33560
35736
35432
33128
30903
32167
32055
33080
33000
32279
31271
31831
31975
32183
33992
35688
33608
31687
31991
30887
31975
33416
33032
31943
32599
32679
32423
33480
35560
35240
34248
30951
31591
33864
34584
34280
31831
33416
32567
32920
33400
35304
36184
34264
32535
33640
33112
33544
34776
32663
32439
31655
33064
32952
35080
35032
34568
34008
31959
33416
33032
33208
33288
31911
32295
32279
32695
35816
35544
32279
32503
30823
32423
34440
33192
33464
31495
31735
36312
38201
34456
33832
32984
33560
34840
33464
32856
32824
33944
31703
34136
35784
36232
34376
31815
33240
34568
33992
34008
32087
30983
32439
32984
34392
35816
36136
34488
31559
32215
33368
33096
33608
32247
33144
32968
33128
34744
35480
33608
32872
32103
32583
33224
31447
29959
31879
32407
33496
35864
35240
33960
31015
31543
33416
33368
33304
32663
31911
32952
33368
35992
34952
33768
33304
32455
32567
33032
31655
33112
32391
32792
32519
32407
34008
37465
37017
34392
31879
32647
33976
33624
32167
31463
31575
33000
31639
32487
32615
34648
35672
34408
31911
30359
33720
33864
32952
32135
31847
31927
31495
32183
32439
35656
36440
33656
32455
33032
33640
33032
31879
32808
31783
32968
33672
33464
33592
34456
34472
32135
32007
32055
32423
34696
31463
29799
30231
32279
31527
31399
35000
36328
35064
32071
30663
34600
32920
33352
32567
31687
32840
32888
34648
35976
35160
32615
33304
33592
33544
32327
33992
33080
34536
31335
33544
34600
34488
34824
32487
31815
32904
32167
33224
33320
32776
31559
32487
34984
35208
32679
31479
32151
32776
33800
32327
29927
31767
33016
34440
33288
33464
31639
32327
32471
32423
32279
33896
32327
33000
33368
35432
34888
33224
32567
33544
34216
32343
30999
32824
33896
33304
33320
33288
33880
34696
34008
31879
31943
33112
32968
33464
32968
34152
32872
32279
34696
35032
33848
33448
32824
31431
31655
31895
33720
33208
31191
30343
31575
33080
32792
34600
33640
31975
32295
32920
34440
32295
31399
33672
32023
31959
31687
35128
36088
36280
35208
35768
37945
39241
38713
36648
35080
34840
36120
36024
37593
37321
36040
37657
35272
35560
34632
33160
32439
31639
33704
33624
34856
33032
33128
33864
33752
32551
31543
31815
32231
33048
32423
31319
33640
32103
33928
34680
34728
34248
31271
31767
