36328
35528
33112
31975
33192
33416
34312
33992
31943
31591
32920
36616
36104
34776
31959
32151
32840
33736
34600
31527
31399
32231
33032
33048
34904
35992
36712
35224
32567
32167
31959
33432
32087
31911
32263
31287
33384
32487
33208
31863
31399
31415
31383
31815
31975
32679
33464
34872
37673
36905
32599
32023
32343
33592
34584
32567
32023
31127
32439
33224
31623
30743
32599
31799
31159
32808
35368
35976
34472
34408
32455
32647
33032
32567
30279
32840
31799
32231
30391
31639
32487
31431
31591
31575
32872
33336
35032
34888
33944
30663
30887
33816
33176
32695
31111
31063
33336
31911
32471
31703
30935
30679
32071
32968
32904
33944
35096
34840
33480
32471
34200
33720
32151
32151
32968
33336
32103
32135
33304
33048
32039
31895
32727
33256
34568
36408
34072
33224
33112
31543
31959
35080
32824
31495
32535
31847
32551
32647
31703
33736
32455
31703
32808
35208
34904
32327
31703
31063
32439
32055
31767
32135
31111
31591
32599
31591
32263
33752
35512
34008
34056
31895
31495
32840
33496
34984
32151
30247
31383
32567
32872
32087
33592
35880
34232
33720
30935
32423
34088
35992
31511
32135
31991
33176
31943
32711
34328
34616
34408
34632
32647
32455
32920
32391
32904
32391
32359
31783
32503
33832
35464
35240
34376
31239
31911
32872
34216
32984
31303
32647
31271
33752
35256
35112
35352
32167
32247
32487
34136
34872
32535
32103
32151
31671
35848
38153
36712
35208
32199
31127
33640
35816
34168
32776
31639
33576
34664
36632
37305
34872
32007
32087
33960
35240
33704
31751
31639
33960
33464
36296
38217
36040
33128
31127
32615
33832
34600
32583
32199
32487
32375
31959
33288
36664
37145
33992
30135
32647
34120
33464
32792
32679
30791
31015
31927
35800
37337
34824
32279
30935
31959
33448
34552
33688
27734
23013
23893
35592
50748
61471
61583
61422
61374
56253
34776
16420
15667
22229
21717
21237
28342
31767
35336
34616
34568
31959
30151
28727
31527
32824
30775
30503
31543
31879
30215
32792
32615
37401
35144
33128
30855
31543
33832
32359
32199
31479
31767
30439
32551
32711
33752
33880
36024
33864
32343
32792
33576
35752
32551
30887
30823
32151
32455
32776
34664
36200
34360
32647
31607
32279
33560
34264
32968
32327
30791
32679
31911
32407
32599
35688
36792
34888
31063
31511
32952
33736
33208
33112
32071
31303
31271
32167
33992
32872
35688
34344
35896
32663
30983
32936
33512
33512
32119
31767
32519
31847
32968
33432
32679
32904
34760
36664
34648
32888
31319
31639
33368
33992
32311
29895
30551
32183
33352
32936
32920
34312
35256
32087
31575
31495
32007
32968
33608
33256
31207
32135
31447
31063
32391
35496
35640
33704
32631
31415
31655
32103
33880
32904
31207
30791
33496
32824
33080
33480
34632
34632
34104
32007
31575
32471
34264
33816
33928
33080
30375
30631
32135
32343
34472
33928
35384
34344
31751
30455
33288
34072
33256
31799
31143
32535
32199
32567
33032
34824
32663
33352
32792
31847
31975
32968
33304
32599
31511
32824
31559
31415
33112
33880
33960
34712
34888
32840
31623
32071
32952
34360
33064
31623
33224
32151
33176
32615
33080
34952
35736
35080
33800
32215
31767
34120
33800
32455
31543
33000
32567
32519
32455
32792
33768
37481
36856
34056
30343
31271
34008
32567
33688
32808
31671
31959
32936
30983
32968
33944
33560
34856
31975
32263
31719
33016
33384
33160
31735
31047
32792
32936
31863
35976
35320
33960
33464
32215
33496
33592
34536
34056
32279
31383
33000
31799
34184
36008
37721
34472
31847
31479
32567
34152
34232
34280
32599
32535
31271
32295
34248
35016
35400
35864
33688
32295
32007
33960
33576
32936
32711
31703
32471
31895
33928
34056
34648
34440
33368
31383
32359
32776
31959
32904
34008
32968
32327
31511
34920
35944
34472
33256
33336
32215
34744
32711
31959
34152
33384
34040
32856
35400
35256
34536
33640
32087
33688
34504
33224
32039
32840
33288
32776
33208
34648
35992
35624
34088
31623
32535
33352
36072
33640
31783
31751
31367
32647
33256
34856
35160
34488
32455
30679
33032
33416
32984
33176
31463
30935
31207
33176
35048
33720
34280
33256
31079
31943
33304
33864
33080
32071
32279
30919
32151
32519
34664
35816
33448
31639
30935
32583
34584
32840
32359
33384
32583
30279
31719
33496
35256
33880
34264
33352
32615
32583
32007
34584
33624
32135
31639
31591
32840
34056
36184
32439
32487
31335
31719
33320
33960
31671
31335
32423
31687
34216
34488
35928
32311
31207
32487
32776
33768
33240
31703
32103
30503
31687
34632
34456
32567
31495
31495
32359
32984
32776
33096
32279
31975
31047
33576
34056
33768
31879
31959
30935
32776
32936
31527
32199
31415
33416
32711
34280
33736
31527
30999
32519
33016
33688
33496
30999
31527
32535
33032
35416
36488
33096
31319
32968
34200
33512
32551
32183
32583
32920
31751
33496
34664
35416
32439
33784
32295
32375
34008
34776
33144
32872
32583
33480
32343
33352
35384
35368
33512
33448
32551
32247
31799
32215
32840
32503
31463
31431
33336
34136
34184
35784
33720
32776
31287
32263
32471
33800
32567
33176
31575
31335
33768
35016
35368
32263
31383
32279
33064
34104
33544
33096
33112
31111
33464
35416
36905
35592
33768
32952
33560
33384
33448
34200
32135
31943
32824
35336
37065
36376
33736
31623
33032
32904
34152
33000
34568
32808
32423
33864
33576
35512
35512
35752
32904
32599
33448
33496
33064
33352
30855
32423
32391
33128
33592
33560
32968
35096
33704
32519
30727
33688
33672
33352
31527
31431
31943
32311
32856
33448
33448
34456
33064
31703
33256
32551
31799
31447
30551
31559
30423
32856
32151
33064
33704
33480
31943
32071
32295
32840
33048
31591
32103
31799
32904
31863
32231
34616
35624
33864
31175
31575
32583
32695
33544
33288
34008
32071
30647
31271
33080
35896
34888
32327
33128
33624
33384
34008
32407
31879
32679
32039
32711
31399
33544
32151
33528
35464
34968
31815
31671
32279
33800
33096
32615
32167
32135
31943
31191
31751
31767
34072
33880
33944
30663
32455
32776
33288
33928
33000
33736
33288
29623
30263
32295
34280
35400
34824
36088
32583
31799
33592
33288
35784
31879
32535
33352
31719
33096
33608
33032
33384
34120
35608
34008
31687
32455
35096
33720
33384
32455
32695
32327
32039
33704
32359
32359
31671
32535
35640
34856
31639
33176
32071
32327
32679
32199
32872
32183
31415
32311
32872
32231
33240
33064
33432
33880
32487
32327
34088
33480
33096
33000
31799
32263
33368
33640
33224
34568
33992
34888
34584
32984
30999
32872
33256
33096
32776
31495
31559
33288
33816
34904
33368
33240
33112
33064
33368
33160
31687
34056
33208
32984
30791
31607
33624
35256
34136
34632
31959
30903
33288
32615
33256
32599
33960
32647
32439
34584
35496
35560
32920
31335
32679
34712
34440
33304
32615
32471
33048
33704
33960
34568
33448
33064
31431
32311
33496
34872
32679
32920
33336
35368
35336
35288
32151
33560
32071
34392
33496
34184
33848
34584
35128
35752
33880
32535
33288
33720
36232
33944
34088
31687
33592
36921
36136
34248
34504
33320
33816
33928
33944
32920
32968
34136
37337
37897
34040
33368
31591
33368
34520
34872
33080
32856
32535
33128
33448
34056
34520
36985
37577
36104
33704
33176
33256
34248
33704
33416
32439
32695
34296
35784
33368
32583
31543
32439
32984
33160
33352
32984
31559
32199
32711
33224
33032
36648
37193
36664
35032
34440
33576
33608
34248
34264
33864
34120
30999
31575
34104
33592
31159
34072
33752
31543
33752
36504
35224
33256
30855
32231
32007
31591
32151
30599
31495
33048
33816
33192
33464
31159
31719
34024
35640
35912
33320
31495
31463
33624
33672
33416
