32071
33336
33160
33960
32679
32599
31399
32311
31927
31975
34936
35848
34840
34136
31111
31191
33736
33640
32519
32151
31639
32343
31703
32039
34184
35992
34072
32583
29863
31287
32695
33272
33704
31831
31031
31143
31447
33608
36328
36408
33960
32135
32183
32984
33608
33112
32535
32567
31511
32711
32007
34008
36969
35720
33864
33224
32647
33080
34472
33416
32615
32679
31863
33064
31895
35304
36248
35720
34312
32824
32599
33720
33160
32535
31799
33176
33576
33128
32199
33176
36440
38377
35512
33560
32231
32583
33640
33880
33416
33384
32599
32583
32231
32776
35560
36680
35304
33032
32007
34648
35288
33048
32183
33864
34408
35560
33992
34024
35096
32279
30871
30951
34360
34616
33672
33320
32103
30919
33560
36088
36184
33672
30951
31111
34824
33672
32920
32872
32487
30743
32487
36488
38425
37337
34728
33112
32279
33896
35224
33384
32952
31815
31815
32471
34504
36456
38185
35304
33352
32439
33480
34680
33832
32151
30999
31911
32455
34216
31943
32615
35560
37721
35944
32135
31127
32295
35032
34152
32984
31255
32583
32535
31159
33176
34728
37737
35640
32792
31031
31607
34408
33544
31927
32039
31047
31143
33480
35352
36632
36120
33352
32039
31207
32968
34072
32551
32439
30807
32359
32071
33288
34872
36760
33896
30791
30487
33096
33736
33176
32599
31655
31703
30759
35464
36824
34952
32952
31959
30999
32583
33608
32231
31431
30759
31543
33864
36889
36744
34952
31943
31175
32952
33736
33064
32103
32007
31191
32343
36344
37081
36296
32647
30999
31223
33800
33128
32647
32263
31143
31351
32103
34312
38409
36312
33000
31463
32327
33608
35208
33288
32055
31751
32199
31799
31575
33624
37561
36712
34728
30887
32039
33224
32872
31927
30871
31895
32487
32135
32167
32615
35880
36456
34248
31591
31463
31223
34264
33112
30487
31063
30631
31159
30743
35528
37225
36360
32055
30359
31255
34392
32679
31447
31127
31511
32439
32039
33320
35720
37449
34888
31767
30823
32311
33944
32792
32583
31143
30343
32519
31799
33080
36360
36680
36120
32711
31895
32183
33208
34232
32872
31239
32071
31975
32776
32087
31959
32920
37033
36696
34152
31879
31207
31767
32920
33400
32519
32071
32920
31831
31527
33096
33880
36376
36248
32231
30183
31655
33000
32936
33048
31319
31271
31367
31319
31527
31751
35272
37337
36552
32920
31271
32984
34856
33752
32407
29975
32311
32327
31447
32471
31511
32952
36840
36424
32824
31543
31287
32551
34200
33880
31623
31335
32455
32535
32343
31383
33448
35896
35640
33704
31847
31143
33224
33368
33176
31655
32311
32151
31575
29991
32503
34456
35880
34072
32295
30919
31767
33416
33384
31975
31575
31623
30823
31463
33544
36072
35224
32952
31831
31943
32135
32872
33320
31015
31335
31079
31591
34472
36616
35128
34456
32103
31463
32135
34104
33928
32551
31239
31559
33288
34440
35736
35992
35560
33448
31847
33032
34136
33864
32904
31335
32135
33720
31991
33224
34360
36792
35336
33560
30327
31815
33496
32615
33976
32423
30247
31559
32663
31751
34520
35272
34968
33608
31383
31111
32936
33016
32039
32904
30807
30967
32952
34328
32904
35048
35736
35096
33032
32039
32920
33624
33592
32824
32231
30743
32535
32327
32007
33000
34968
36568
35048
33192
31703
31623
33816
34744
33240
31879
32087
31703
30903
32824
33800
31879
33224
36456
35720
33960
32583
32327
32183
33128
33928
32808
32071
31543
31671
31703
32583
33496
35400
35032
34984
32167
30871
31671
34008
32215
32119
32247
31111
30567
31895
34216
35400
35336
32455
32199
32167
32343
32984
33672
32792
32279
31303
33128
31271
33096
36552
35432
34376
33080
32023
31623
31975
33512
33720
33448
31815
31015
32199
35496
35928
35288
34024
32311
34920
34216
34376
31751
30871
30919
32423
33384
32583
32952
34984
36232
34360
33048
31927
33096
32904
33256
31959
31335
32295
32279
32215
31687
34232
35928
34744
31783
30391
32039
33288
33464
32631
31159
31063
31031
31239
32936
34968
35160
34088
32439
31447
33128
33432
34376
32840
32327
32231
32808
32551
31431
34568
35928
34776
33688
32167
31975
33496
34120
33944
32808
32279
31079
32199
32503
32023
33832
36696
35992
35080
32183
32824
34136
33448
33400
32792
32343
32535
32103
32631
32471
32583
35032
34856
35032
33256
32215
32968
32840
33432
32487
32295
32439
31447
32215
32663
31287
33512
35592
37001
33848
31159
30823
31975
33752
33624
32311
31127
31287
32343
32984
33128
33928
35144
36232
34072
32599
32279
32840
33608
33576
32968
32551
32247
32487
33224
32423
33448
35944
36104
33944
32776
33128
34200
34424
33224
32727
33080
33304
32279
32103
31959
33768
35400
34248
34296
32856
30423
32920
34248
32327
31943
32872
32103
31559
31783
33672
36008
35112
32904
32023
31479
32984
33752
33224
32039
32551
30791
31687
34040
37705
36392
33720
30663
31639
32695
34456
33560
31431
32039
32007
32647
33336
35432
36072
35560
32840
31943
32311
34968
33992
32503
31895
31431
31655
33608
33864
34408
36008
35464
34472
33848
31719
33304
34616
33384
31991
31895
32215
33000
33464
32551
31495
31671
34312
37289
37033
35640
33272
32423
31895
33432
34120
32615
31975
31031
31799
32711
31815
32872
31863
31655
32711
35128
36937
35224
32808
31527
32103
32872
32615
31783
30759
30119
31111
31671
31095
33368
33624
33576
36040
36456
35096
33624
31143
31927
34568
33128
33544
32215
31559
31783
32567
33192
32471
33288
35976
36953
35000
32856
31575
33768
35048
33368
32567
32711
30903
32055
31895
32487
31623
33512
33816
36104
35128
32391
32711
32311
33032
34536
32535
31783
32487
31703
32423
32663
32840
34248
35736
35352
33480
32215
30919
33688
33848
33384
32199
32199
30695
31239
33368
34872
35624
33000
30887
31383
33816
33832
31895
31927
31511
32247
32199
32904
35544
36136
35208
33064
31175
32663
33832
33608
32583
33256
31815
31255
31927
34648
36953
35752
34840
32295
30663
32647
35240
32776
32183
31799
31831
31223
29607
30311
33496
35432
35320
34200
33368
33592
35048
34264
33928
31559
32039
31447
32439
33240
32439
34056
36680
34840
33160
30983
32872
33160
33544
32391
32327
31063
31319
31463
32824
34376
35512
33960
32583
31287
31415
34488
33064
32279
30919
31287
32295
32840
31191
33928
35768
36760
34952
32391
32151
33000
34184
32840
32711
31799
32263
31943
32343
30935
29015
31303
36664
38521
36280
32856
31591
34248
34888
33544
33304
32968
31495
31639
32199
32888
32359
32695
35000
37081
35176
32327
30951
32519
33880
33720
31463
32279
32279
31431
31639
31255
32535
34872
35304
34344
32199
31495
31815
33352
32776
32647
32103
31399
32007
31031
32167
34312
35672
36200
34136
31687
32039
34568
32920
33720
32936
31383
32615
30599
32776
33864
34776
37257
34648
32615
31943
32936
33096
33064
33192
32295
32087
32359
31335
33160
33048
36184
35240
33576
33048
33144
31959
33064
32824
31991
31287
31639
31431
31927
33096
35096
35272
32199
31991
32151
32359
33624
32023
30631
31463
31047
31927
34920
35464
35256
32679
31687
31175
33736
33320
33448
32663
32055
31959
32039
35672
36104
35288
33320
31751
32391
33416
33832
34360
32439
31959
30855
32535
35800
36889
37081
34136
32407
31847
33352
34136
33816
32007
31767
32231
31783
32199
34952
35560
35832
33848
31383
31127
32615
33528
33688
33032
30599
30535
32215
35208
33240
33608
34760
32103
30471
32792
33240
32263
32487
31143
31335
32311
32071
32359
35976
35880
35784
32904
32984
33096
34216
34008
33720
30919
32087
31415
33192
32471
35608
37209
36104
32776
31975
31511
33384
34760
33192
32567
31959
32631
31207
32711
32583
32856
32007
